1
0.69811320754717
0.9
0.285714285714286
0.962962962962963
0.791666666666667
0.536585365853659
0.65
0.428571428571429
0.425
0.2
0.333333333333333
0.421052631578947
0.5
0.8
0.5
0.782608695652174
0.666666666666667
0.529411764705882
0.581395348837209
1.25925925925926
1.75
1.33333333333333
0.945945945945946
1.01923076923077
1.3
1.47368421052632
0.933333333333333
1
1.39024390243902
0.703703703703704
0.483870967741935
0.448275862068966
0.742857142857143
0.352941176470588
0.615384615384615
0.692307692307692
0.818181818181818
0.12
0.714285714285714
0.6875
0.333333333333333
1
0.580645161290323
0.666666666666667
0.2
0.75
0.823529411764706
1
0.655172413793103
0.68
0.884615384615385
0.91304347826087
0.75
0.708333333333333
0.652173913043478
0.771428571428571
0.785714285714286
0.636363636363636
0.7
0.625
0.739130434782609
0.363636363636364
1
0.666666666666667
0.375
0.55
0.548387096774194
0.782608695652174
0.615384615384615
0.3125
0.2
0.648648648648649
0.15
0.90625
0.814814814814815
1
0.434782608695652
0.785714285714286
0.444444444444444
0.5
1
0.84
0.633333333333333
0.777777777777778
1.14285714285714
0.416666666666667
0.680851063829787
0.916666666666667
0.842105263157895
0.67741935483871
0.59375
0.666666666666667
0.588235294117647
0.428571428571429
0.694444444444444
0.772727272727273
0.666666666666667
0.727272727272727
0.6
0.583333333333333
0.444444444444444
0.631578947368421
0.714285714285714
0.58695652173913
0.352941176470588
0.272727272727273
0.0526315789473684
0.5
0.782608695652174
0.64
0.736842105263158
0.310344827586207
0.555555555555556
0.5625
0.25
0.448275862068966
0.5625
0.307692307692308
0.421052631578947
0.421052631578947
0.8
0.454545454545455
0.5
0.566666666666667
0.647058823529412
0.684210526315789
0.75
0.5
0.583333333333333
0.818181818181818
0.617647058823529
0.307692307692308
0.0833333333333333
0.606060606060606
0.736842105263158
0.625
0.56
0.444444444444444
0.333333333333333
0.473684210526316
0.407407407407407
0.303030303030303
0.511111111111111
0.5
0.333333333333333
0.416666666666667
0.24
0.8
0.75
0.185185185185185
0.1
0.476190476190476
0.625
0.357142857142857
0.533333333333333
0.521739130434783
1.14285714285714
0.477272727272727
0.785714285714286
0.846153846153846
1
0.875
0.388888888888889
0.636363636363636
0.758620689655172
0.692307692307692
1
0.76
0.75
1.11111111111111
0.7
0.847826086956522
0.823529411764706
0.896551724137931
0.642857142857143
0.8
0.696969696969697
0.6875
1.4
0.672727272727273
0.628571428571429
0.5625
0.714285714285714
0.59375
0.354838709677419
0.478260869565217
0.474576271186441
0.354838709677419
0.297872340425532
0.584905660377358
1.5
0.4
0.85
0.485714285714286
0.333333333333333
0.541666666666667
0.833333333333333
0.296296296296296
0.379310344827586
0.384615384615385
0.588235294117647
0.551724137931034
0.666666666666667
0.555555555555556
0.555555555555556
0.333333333333333
0.416666666666667
0.333333333333333
0.375
1
1
3.14285714285714
0.958333333333333
1.5
0.904761904761905
1.03846153846154
0.958333333333333
1.2
1.21428571428571
0.480769230769231
0.590909090909091
1.04545454545455
0.769230769230769
0.5
0.666666666666667
0.533333333333333
0.925925925925926
0.428571428571429
0.7
0.461538461538462
0.227272727272727
0.4375
0.6
0.5
0.533333333333333
0.25
0.625
0.1
0.181818181818182
0.68
0.529411764705882
0.292682926829268
0.67741935483871
0.272727272727273
0.375
0.617647058823529
0.5
0.75
0.307692307692308
1.25
1
0.866666666666667
0.722222222222222
0.923076923076923
0.666666666666667
0.411764705882353
0.620689655172414
0.67741935483871
0.696428571428571
0.56140350877193
0.5
0.6875
0.727272727272727
0.217391304347826
0.444444444444444
0.821428571428571
0.346153846153846
0.533333333333333
0.428571428571429
0.5
0.36
0.642857142857143
0.411764705882353
0.375
0.615384615384615
0.578947368421053
0.833333333333333
0.775862068965517
0.333333333333333
0.657894736842105
0.458333333333333
0.638297872340426
0.518518518518518
0.409090909090909
0.5
0.666666666666667
0.75
0.4
0.428571428571429
0.472222222222222
0.65
0.375
0.791666666666667
0.375
0.390243902439024
0.625
0.521739130434783
0.285714285714286
0.5
0.42
0.621621621621622
1.33333333333333
0.666666666666667
0.3
0.818181818181818
0.538461538461538
0.797297297297297
0.181818181818182
0.371794871794872
0.549019607843137
0.810810810810811
1.16666666666667
0.769230769230769
0.59375
0.5
0.555555555555556
0.703125
0.3
0.444444444444444
0.580645161290323
1.125
0.727272727272727
0.166666666666667
0.85
0.740740740740741
0.740740740740741
0.909090909090909
0.25
0.625
0.444444444444444
0.473684210526316
0.509433962264151
1
0.558823529411765
0.714285714285714
0.461538461538462
0.611111111111111
0.62962962962963
0.487179487179487
0.714285714285714
0.3125
0.421052631578947
0.7
0.260869565217391
0.739130434782609
0.575757575757576
0.459459459459459
0.541666666666667
0.58974358974359
0.428571428571429
0.45
0.473684210526316
0.85
0.25
0.725
0.566037735849057
0.476190476190476
0.636363636363636
0.48780487804878
0.148148148148148
0.571428571428571
0.592592592592593
0.928571428571429
0.692307692307692
0.473684210526316
0.666666666666667
0.714285714285714
0.75
0.615384615384615
0.388888888888889
0.41304347826087
0.333333333333333
0.444444444444444
0.7
0.0625
0.5
0.1875
1
0.8
0.833333333333333
0.88
0.758620689655172
0.875
0.714285714285714
0.956521739130435
0.851851851851852
0.8
0.571428571428571
0.727272727272727
0.631578947368421
0.769230769230769
0.575
0.294117647058824
0.5
0.717948717948718
0.222222222222222
0.75
0.511627906976744
0.444444444444444
0.678571428571429
0.708333333333333
0.733333333333333
0.846153846153846
0.882352941176471
0.733333333333333
0.833333333333333
0.458333333333333
1
0.48
0.615384615384615
0.866666666666667
0.705882352941177
0.491525423728814
0.8
0.233333333333333
0.75
0.6875
0.5625
0.428571428571429
0.814814814814815
0.8125
0.728813559322034
0.6
0.421052631578947
0.620689655172414
0.807692307692308
0.952380952380952
0.633333333333333
0.446808510638298
0.863636363636364
2
0.714285714285714
0.5
0.5
0.714285714285714
0.454545454545455
0.866666666666667
1.5
0.947368421052632
0.765957446808511
0.868421052631579
2.25
0.666666666666667
0.607142857142857
1
0.8
0.888888888888889
0.772727272727273
0.222222222222222
0.657142857142857
0.652173913043478
0.6875
0.717948717948718
0.578947368421053
0.9
0.653846153846154
0.761904761904762
0.571428571428571
0.709677419354839
0.285714285714286
1
0.55
0.604651162790698
0.5625
0.388888888888889
0.45
0.416666666666667
0.692307692307692
0.518518518518518
0.4
0.705882352941177
0.666666666666667
0.785714285714286
0.434782608695652
0.642857142857143
0.583333333333333
0.615384615384615
1.16666666666667
0.619047619047619
0.714285714285714
0.647058823529412
0.741935483870968
0.476190476190476
0.8
0.8
0.9375
0.755102040816326
0.615384615384615
0.85
0.80952380952381
0.75
0.875
0.857142857142857
0.571428571428571
1.05882352941176
1.23076923076923
0.5625
0.645569620253165
0.36
0.871794871794872
0.690058479532164
0.866666666666667
0.603448275862069
0.814814814814815
0.880952380952381
0.627450980392157
0.62962962962963
0.7
0.72972972972973
0.277777777777778
0.555555555555556
0.76
0.652173913043478
0.476190476190476
0.5
0.476190476190476
0.444444444444444
0.826086956521739
0.333333333333333
0.441860465116279
0.166666666666667
0.428571428571429
0.390625
0.55
0.4375
0.571428571428571
0.6875
0.5
0.45
0.655172413793103
1.125
0.707692307692308
0.891891891891892
0.723684210526316
0.96969696969697
1
0.666666666666667
0.909090909090909
0.758620689655172
0.8125
0.896907216494845
0.861111111111111
1
0.634920634920635
0.763157894736842
0.8
0.818181818181818
0.72
0.75
0.857142857142857
0.827586206896552
0.575757575757576
0.761904761904762
0.652173913043478
0.727272727272727
0.705882352941177
0.540540540540541
0.8
0.6
0.722222222222222
0.648648648648649
0.652173913043478
0.909090909090909
0.647058823529412
0.925
0.785714285714286
0.909090909090909
0.730434782608696
0.8
0.48
0.736842105263158
0.955555555555556
0.592592592592593
0.764705882352941
0.75
0.67741935483871
1.71428571428571
0.75
0.75
0.652173913043478
0.882352941176471
0.655172413793103
0.4
0.590909090909091
0.615384615384615
0.368421052631579
0.428571428571429
0.454545454545455
0.733333333333333
0.633333333333333
0.590909090909091
0.571428571428571
1.125
0.641025641025641
0.555555555555556
0.566666666666667
0.545454545454545
0.518518518518518
0.512820512820513
0.533333333333333
0.352941176470588
0.571428571428571
0.666666666666667
0.65
0.266666666666667
0.583333333333333
0.6875
0.666666666666667
0.7
0.571428571428571
0.0833333333333333
0.76
0.78
0.904761904761905
0.444444444444444
0.693877551020408
0.666666666666667
0.609756097560976
0.761194029850746
0.653846153846154
0.5
0.75
0.384615384615385
0.4
0.735849056603774
0.666666666666667
0.75
1.5
0.67741935483871
0.71830985915493
0.777777777777778
0.368421052631579
1
1.21428571428571
0.827586206896552
0.722222222222222
0.5
0.864864864864865
0.823529411764706
0.694444444444444
0.470588235294118
1.44444444444444
0.761904761904762
0.486486486486487
0.583333333333333
0.545454545454545
0.888888888888889
0.76
0.620689655172414
0.666666666666667
0.888888888888889
0.391304347826087
0.827586206896552
0.818181818181818
0.864864864864865
0.919354838709677
0.739583333333333
0.545454545454545
0.733333333333333
0.666666666666667
0.348837209302326
0.447368421052632
0.535714285714286
0.9
0.434782608695652
0.846153846153846
0.470588235294118
0.5
0.461538461538462
0.315789473684211
0.3125
0.384615384615385
0.588235294117647
0.5
0.590909090909091
0.714285714285714
0.678571428571429
0.689655172413793
0.3
0.625
0.375
0.2
0.636363636363636
0.608695652173913
0.666666666666667
0.642857142857143
0.461538461538462
0.44
0.461538461538462
0.470588235294118
0.5
0.75
0.4
0.388888888888889
0.823529411764706
1.33333333333333
0.588235294117647
0.548387096774194
0.823529411764706
0.45
0.48780487804878
0.86046511627907
0.8
0.68
1
0.787878787878788
0.909090909090909
0.682926829268293
0.625
0.619047619047619
0.428571428571429
0.538461538461538
0.5
0.818181818181818
0.368421052631579
0.612903225806452
0.631578947368421
0.615384615384615
0.472222222222222
0.666666666666667
0
0.3125
0.777777777777778
0.545454545454545
0.478260869565217
0.653846153846154
0.454545454545455
0.461538461538462
1
0.238095238095238
0.655172413793103
0.76
0.75
1
0.6
0.419354838709677
0.428571428571429
0.5
0.8
0.46875
0.333333333333333
0.5
0.25
0.526315789473684
0.55
0.454545454545455
0.5
0.272727272727273
0.605263157894737
0.4
0.75
0.352941176470588
0.727272727272727
0.475
0.565217391304348
0.666666666666667
0.564102564102564
0.655172413793103
0.444444444444444
0.472222222222222
0.458333333333333
0.631578947368421
0.615384615384615
0.6
0.645161290322581
0.571428571428571
0.744186046511628
0.777777777777778
0.730769230769231
0.27906976744186
0.769230769230769
0.416666666666667
0.857142857142857
0.703703703703704
0.583333333333333
0.666666666666667
1
0.692307692307692
0.67741935483871
1.73333333333333
0.842105263157895
1.16666666666667
1.41666666666667
0.941176470588235
1
1.18181818181818
0.875
1
0.916666666666667
0.954545454545455
1
1
0.5
0.575757575757576
0.636363636363636
0.638888888888889
0.8
0.612903225806452
0.4
0.461538461538462
0.5
0.421052631578947
0.642857142857143
0.909090909090909
3.08333333333333
1.35483870967742
1
3.4
3.6
2.375
2.85714285714286
0.91304347826087
1.14285714285714
1.05882352941176
0.931818181818182
0.972222222222222
17.5
0.944444444444444
0.842105263157895
1
0.966666666666667
1.05
0.933333333333333
0.25
0.333333333333333
0.571428571428571
0.444444444444444
0.769230769230769
0.3125
1
0
0.571428571428571
0.578947368421053
0.4
0.454545454545455
0.527777777777778
0.692307692307692
0.829268292682927
0.3125
0.476190476190476
0.238095238095238
0.625
0.5
0.846153846153846
1.8
1.07692307692308
0.625
0.45
0
0.781818181818182
0.4
0.678571428571429
0.6875
0.923076923076923
0.620689655172414
0.518518518518518
0.666666666666667
0.866666666666667
0.666666666666667
0.606060606060606
0.448275862068966
0.8
0.730769230769231
0.68
0.75
0.458333333333333
0.5
0.625
0.571428571428571
0.547619047619048
0.638297872340426
1.09090909090909
0.333333333333333
0.6875
0
1
0.672413793103448
0.62962962962963
0.931034482758621
0.466666666666667
0.80952380952381
0.384615384615385
0.5
0.384615384615385
0.722222222222222
0.517241379310345
0.384615384615385
0.533333333333333
0.333333333333333
0.142857142857143
0.606060606060606
0.363636363636364
0.777777777777778
0.266666666666667
0.469387755102041
0.411764705882353
0.538461538461538
0.558823529411765
0.64
0.857142857142857
0.933333333333333
0.9375
1.08333333333333
0.892857142857143
1.32
1
1.16666666666667
1.53846153846154
1.21739130434783
1.08695652173913
1.46666666666667
1
2
0.939393939393939
0.954545454545455
0.982456140350877
0.5
0.631578947368421
0.5
0.85
0.571428571428571
1
0.846153846153846
0.857142857142857
1.07692307692308
0.2
0.333333333333333
0.714285714285714
0.711538461538462
0.586206896551724
0.577777777777778
0.829268292682927
0.2
0.846153846153846
0.571428571428571
0.636363636363636
0.789473684210526
0.482758620689655
0.666666666666667
0.714285714285714
1.20833333333333
0.636363636363636
0.565217391304348
1.0625
0.8125
0.853333333333333
0.903225806451613
0.588235294117647
0.8
0.5
0.894736842105263
0
0.375
0.333333333333333
0.717948717948718
0
1
0.923076923076923
0.526315789473684
1
1.05882352941176
0.75
0.333333333333333
0.517241379310345
0.708333333333333
0.8125
0.589041095890411
0.210526315789474
0.636363636363636
0.533333333333333
0.166666666666667
0.5
0.333333333333333
0.444444444444444
0.857142857142857
0.7
1.66666666666667
1
0.5
0.75
0.714285714285714
0.770833333333333
0.4
0.666666666666667
0.811320754716981
0.804878048780488
0.769230769230769
0.464285714285714
0.833333333333333
1
0.772727272727273
0.666666666666667
0.793103448275862
0.75
0.9
0.967741935483871
0.807692307692308
0.428571428571429
0.606060606060606
0.571428571428571
0.56
1.04347826086957
0.631578947368421
0.516129032258065
0.782608695652174
0.692307692307692
1
0.761904761904762
0.333333333333333
0.545454545454545
0.788732394366197
0.666666666666667
0.5
0.857142857142857
0.75
0.176470588235294
0.555555555555556
0.733333333333333
1.25
0.6
0.777777777777778
0.714285714285714
0.684210526315789
1
0.2
0.48780487804878
0.857142857142857
0.8
0.735294117647059
0.772727272727273
0.5
0.714285714285714
0.875
0.769230769230769
0.837209302325581
1
0.783783783783784
0.5
0.153846153846154
0.666666666666667
0.777777777777778
0.84
0.857142857142857
0.5
0.8
0.666666666666667
0.8
0.833333333333333
0.637931034482759
1
0.535714285714286
0.8
0.307692307692308
0.761904761904762
0.652173913043478
0.619047619047619
0.735294117647059
0.466666666666667
0.705882352941177
0.296296296296296
0.235294117647059
0.285714285714286
0.5
0.75
1
0.454545454545455
0.470588235294118
0
0.594594594594595
0.6875
1
0.666666666666667
0.421052631578947
0.583333333333333
0.68
0.538461538461538
0.625
0.545454545454545
0.62962962962963
0.580645161290323
0.529411764705882
0.25
0.727272727272727
1
0.888888888888889
0.846153846153846
0.5
0.769230769230769
0.571428571428571
1.5
1.5
1
1.5
2.11111111111111
1.11764705882353
1.59090909090909
0.956521739130435
0.904761904761905
0.869565217391304
1.25
1
1
1.25
2.47058823529412
0.956521739130435
1.35
0.9
0.923076923076923
0.954545454545455
2.6
1
0.9375
0.875
2
0.888888888888889
1.23076923076923
0.944444444444444
1.22222222222222
0.703703703703704
0.7
0.818181818181818
0.916666666666667
0.609756097560976
0.285714285714286
0.769230769230769
0.4
0.636363636363636
0.571428571428571
0.707317073170732
0.777777777777778
0.4
0.8
0.5
0.888888888888889
0.45
0.3
0.5
0.5
0.68
0.625
0.5
0.818181818181818
0.875
0.857142857142857
0.774193548387097
0.846153846153846
0.478260869565217
0.647058823529412
0.666666666666667
0.666666666666667
0.714285714285714
1
0.571428571428571
0.714285714285714
1.05555555555556
0.857142857142857
1.5
0.857142857142857
0.923076923076923
1.61111111111111
0.8
0.913793103448276
1
3
0.777777777777778
3.8
3.2
0.91304347826087
1.85714285714286
0.923076923076923
2.88888888888889
1
2.66666666666667
3.9
0.977777777777778
1
1
0.875
0.90625
1.3
0.5
0.421052631578947
0
0.724137931034483
0.4
0.625
0.65625
0.653846153846154
0.666666666666667
0.8
1.44444444444444
0.7
0.75
0.571428571428571
0.7
0.666666666666667
0.560975609756098
0.758620689655172
0.767441860465116
0.6
0.683333333333333
0.7
0.470588235294118
0.4375
0.684210526315789
0.529411764705882
0.655172413793103
0.5
0.621621621621622
0.617647058823529
0.842105263157895
0.5
0
0.6875
0.928571428571429
0.5
0.5
0.333333333333333
0.689655172413793
1.11111111111111
0.605263157894737
0.9375
0.727272727272727
0.55
0.461538461538462
0.476190476190476
0.5
0.875
0.5
0.48
0.4
0.578947368421053
0.75609756097561
0.222222222222222
0.2
0.473684210526316
0.111111111111111
0.4375
0.842105263157895
0.625
0.782608695652174
0.533333333333333
0.769230769230769
0.684210526315789
0.483870967741935
0.538461538461538
0
0.760869565217391
0.636363636363636
0.696969696969697
0.6
0.6875
0.5
0.315789473684211
0.6
0.821428571428571
0.875
0.333333333333333
0.785714285714286
0.5
0.58974358974359
0.454545454545455
0.217391304347826
0.5
0.571428571428571
0.5
0.535714285714286
0.666666666666667
0.617021276595745
0.666666666666667
1.25
0.75
0.583333333333333
0.176470588235294
0.666666666666667
0.466666666666667
0.285714285714286
0.2
0.434782608695652
0.545454545454545
0.384615384615385
0.710526315789474
0.333333333333333
0.666666666666667
0.666666666666667
0.419354838709677
0.655172413793103
0.470588235294118
0.695652173913043
0.689655172413793
0.72
0.727272727272727
0.5625
0.666666666666667
0.944444444444444
0.967741935483871
0.758620689655172
1
0.277777777777778
0.631578947368421
0.9
0.555555555555556
0.642857142857143
0.827586206896552
0.774193548387097
0.714285714285714
0.833333333333333
0.666666666666667
0.8
0.64
0.5
0.571428571428571
0.894736842105263
0.5
0.952380952380952
0.5
0.458333333333333
0.864406779661017
0.615384615384615
0.625
0.866666666666667
0.545454545454545
0.8
0.545454545454545
0.318181818181818
0.6875
0.35
1.8
0.448275862068966
0.727272727272727
0.95
0.770833333333333
0.625
0.761904761904762
0.388888888888889
0.75
0.933333333333333
0.883720930232558
1.04166666666667
0.910714285714286
0.842105263157895
1.38461538461538
0.954545454545455
0.939393939393939
0.954545454545455
0.909090909090909
1.47368421052632
0.925925925925926
2.26315789473684
1
1.42857142857143
0.888888888888889
1.06666666666667
0.956521739130435
0.9
0.96969696969697
1.10526315789474
0.926829268292683
0.652173913043478
0.619047619047619
1
0.615384615384615
0.571428571428571
0.736842105263158
0.823529411764706
0.6875
0.694444444444444
0.815789473684211
0.857142857142857
0.592592592592593
0.725
0.25
0.590163934426229
0.769230769230769
0.611111111111111
0.75
0.619047619047619
0.75
0.583333333333333
0.7
0.652173913043478
0.62962962962963
0.75
0.6
0.333333333333333
0.638888888888889
0.666666666666667
0.476190476190476
0.530612244897959
0.666666666666667
0.733333333333333
0
0.740740740740741
0.75
0.925925925925926
0.529411764705882
0.703703703703704
0.875
0.941176470588235
0.7
0.666666666666667
0.714285714285714
1
0.714285714285714
0.571428571428571
1.33333333333333
0.666666666666667
1
1.5
3.5
1
1
0.333333333333333
0.5
0.736842105263158
0.692307692307692
0.5
0.636363636363636
0.714285714285714
0.928571428571429
0.875
1
0.947368421052632
1
1
1.16666666666667
0.611111111111111
0.818181818181818
0.5
0.67741935483871
0.727272727272727
1.0952380952381
0.666666666666667
0.642857142857143
0.571428571428571
0.636363636363636
0.714285714285714
1.4
0.777777777777778
0.615384615384615
0.333333333333333
1
1
0.454545454545455
0.2
0.2
0.857142857142857
0.777777777777778
0.742857142857143
1.5
0.853658536585366
0.576923076923077
0.5
1.2
0.928571428571429
1
0.692307692307692
0.776119402985075
0.666666666666667
0.642857142857143
0.857142857142857
0.666666666666667
0.5
0.944444444444444
0.692307692307692
0.6
0.727272727272727
0.76
0.923076923076923
0.647058823529412
0.535714285714286
0.857142857142857
0.333333333333333
0.933333333333333
0.777777777777778
0.6
0.615384615384615
0.65
0.9
0.928571428571429
0.916666666666667
0.9
0.454545454545455
0.6875
0.833333333333333
0.625
0.8
0.578947368421053
0.869565217391304
0.333333333333333
0.722222222222222
1
1.05555555555556
0.909090909090909
0.956521739130435
1.5
0.933333333333333
2.73333333333333
1.06666666666667
1.125
0.740740740740741
0.631578947368421
0.888888888888889
0.857142857142857
0.666666666666667
0.625
0.818181818181818
0.681818181818182
0.5
0.884615384615385
0.733333333333333
0.71875
1
0.766666666666667
0.714285714285714
0.8
0.754385964912281
1.05882352941176
1
0.666666666666667
0
0.857142857142857
0.888888888888889
1
0.8
0.628571428571429
0.444444444444444
0.772727272727273
0.75
0.5
0.615384615384615
0.392857142857143
0.481481481481481
0.797297297297297
0.761904761904762
0.689655172413793
0.58974358974359
0.473684210526316
1
1
0.65
0.4
0.777777777777778
3
0.611111111111111
0.884615384615385
0.866666666666667
0.333333333333333
0.875
0
0.357142857142857
0.875
0.472222222222222
0.111111111111111
0
0.333333333333333
0.705882352941177
0.473684210526316
0.378378378378378
0.627906976744186
0.842105263157895
1
0.620689655172414
0.8125
0.5
0.714285714285714
0.857142857142857
0.64
0.975
0.590909090909091
0.37037037037037
0.692307692307692
0.333333333333333
0.5
0.833333333333333
0.574468085106383
0.72
0.555555555555556
0.375
0.761904761904762
0.8
0.666666666666667
0.333333333333333
0.733333333333333
0.8
0.684210526315789
0.484848484848485
0.714285714285714
0.692307692307692
0
0.333333333333333
0.666666666666667
0.6375
1
1.0625
0.888888888888889
1.13333333333333
0.941176470588235
1
1.23076923076923
1.66666666666667
4.6
1
1.15384615384615
0.923076923076923
1.5
3.25
1.5
1
0.96551724137931
0.818181818181818
0.5
0.846153846153846
0.35
0.3
0.7
0.4
1.10526315789474
1.6
0.653846153846154
0.666666666666667
0.847826086956522
0.472222222222222
0.708333333333333
0.62962962962963
0.428571428571429
0.5
0.625
0.5
0.769230769230769
1
0.810810810810811
0.96551724137931
0.678571428571429
0.794117647058823
0.55
0.384615384615385
0.818181818181818
0.727272727272727
0.833333333333333
0.6
0.682926829268293
0.714285714285714
1
1.33333333333333
0.78125
0.807692307692308
0.835820895522388
0.714285714285714
0.555555555555556
0.3
0.666666666666667
0.444444444444444
0.5
0.4
0.333333333333333
0.666666666666667
0.607142857142857
0.416666666666667
0.785714285714286
0.6
1
0.96
1.84210526315789
2.13333333333333
0.722222222222222
0.823529411764706
0.935483870967742
1.72727272727273
1.38461538461538
6.25
0.9375
0.977272727272727
1
1.05
0.884615384615385
1.2
1.61904761904762
3.42857142857143
0.875
1.11764705882353
1
1
1.63636363636364
1.83333333333333
2.4
1
0.916666666666667
0.736842105263158
0.736842105263158
0.357142857142857
0.111111111111111
0.444444444444444
0.166666666666667
0.142857142857143
0.63265306122449
0.642857142857143
0.333333333333333
0.583333333333333
0.5
1.28571428571429
0.230769230769231
0.333333333333333
0.666666666666667
0.354838709677419
0.5
0.65
0.705882352941177
0.619047619047619
0.357142857142857
0.285714285714286
0.538461538461538
0.486486486486487
0.694444444444444
0.380952380952381
0.666666666666667
0.125
0.416666666666667
0.466666666666667
0.384615384615385
0.688888888888889
0.441176470588235
0
0.740740740740741
0.142857142857143
0.25
0.875
0.727272727272727
0.478260869565217
0.772727272727273
0.333333333333333
0.5
0.7
0.4
0.486486486486487
0.5
0.454545454545455
0.6
0.52
0.574074074074074
0.59375
0
0.666666666666667
0.448275862068966
0.608695652173913
0.125
0.609756097560976
0.588235294117647
0.3125
0.214285714285714
0.588235294117647
0.541666666666667
0.3
0.705882352941177
0.714285714285714
0.722222222222222
0.833333333333333
0.566666666666667
0.613636363636364
0.714285714285714
0.6875
0.521739130434783
0.4375
1
0.5
0.575
0.5
0.323529411764706
1
0.96
0.9
0.933333333333333
1.39285714285714
5.875
2.1
1.35714285714286
2.75
1
2.33333333333333
0.962962962962963
1
0.96
0.833333333333333
1.16
0.543478260869565
0.36
0.6875
0.666666666666667
0.882352941176471
1
1
