0.8
0.792452830188679
1.05
0.666666666666667
0.925925925925926
0.833333333333333
0.75609756097561
0.725
0.771428571428571
0.8
0.44
0.5
0.368421052631579
0.416666666666667
2.2
0.625
0.739130434782609
0.791666666666667
0.764705882352941
0.837209302325581
0.481481481481481
0.5
0.833333333333333
0.459459459459459
0.653846153846154
0.566666666666667
0.789473684210526
0.6
0.5
0.707317073170732
0.444444444444444
0.548387096774194
0.517241379310345
0.628571428571429
0.352941176470588
0.769230769230769
0.615384615384615
0.909090909090909
0.16
0.857142857142857
0.875
0.888888888888889
0.85
0.967741935483871
0.952380952380952
0.9
1.5625
0.882352941176471
0.863636363636364
0.931034482758621
0.8
0.461538461538462
0.347826086956522
1
0.645833333333333
0.565217391304348
0.714285714285714
0.571428571428571
0.363636363636364
0.8
0.7
1.60869565217391
0.272727272727273
0.777777777777778
0.925925925925926
0.75
0.65
0.774193548387097
1.34782608695652
1.30769230769231
0.375
0.7
0.756756756756757
0.3
0.625
0.518518518518518
0.571428571428571
0.304347826086957
0.857142857142857
0.555555555555556
0.7
0.8125
0.6
0.566666666666667
0.555555555555556
0.928571428571429
0.5
0.531914893617021
0.666666666666667
0.210526315789474
0.451612903225806
0.625
0.703703703703704
0.470588235294118
1.14285714285714
0.694444444444444
0.454545454545455
0.722222222222222
0.757575757575758
0.6
0.694444444444444
0.777777777777778
0.526315789473684
1
0.717391304347826
0.764705882352941
0.681818181818182
0.526315789473684
0.85
0.91304347826087
0.92
0.631578947368421
0.517241379310345
0.611111111111111
0.9375
0.416666666666667
0.517241379310345
0.375
0.461538461538462
0.526315789473684
0.789473684210526
0.9
0.681818181818182
0.80952380952381
0.733333333333333
0.617647058823529
0.368421052631579
1
0.75
0.833333333333333
0.818181818181818
0.676470588235294
0.461538461538462
0.75
0.666666666666667
0.578947368421053
1
0.76
0.444444444444444
0.714285714285714
0.315789473684211
0.481481481481481
0.545454545454545
0.444444444444444
1.25
0.266666666666667
0.375
0.36
0.8
0.8125
0.185185185185185
0.3
0.571428571428571
0.583333333333333
0.75
0.8
0.5
0.857142857142857
0.545454545454545
0.857142857142857
0.307692307692308
0.666666666666667
0.25
0.222222222222222
0.181818181818182
0.551724137931034
0.384615384615385
0.538461538461538
0.56
0.65
0.888888888888889
0.725
0.695652173913043
0.5
0.413793103448276
0.428571428571429
0.542857142857143
0.575757575757576
0.645833333333333
1
0.872727272727273
0.814285714285714
0.729166666666667
0.755102040816326
0.75
0.774193548387097
0.347826086956522
0.728813559322034
0.709677419354839
0.765957446808511
0.792452830188679
2
0.688888888888889
0.85
0.671428571428571
0.444444444444444
0.625
1.83333333333333
0.666666666666667
0.758620689655172
0.461538461538462
0.470588235294118
0.620689655172414
0.333333333333333
0.777777777777778
0.666666666666667
0.62962962962963
0.666666666666667
0.466666666666667
0.3125
0.8
0.782608695652174
0.428571428571429
0.583333333333333
0.166666666666667
0.523809523809524
0.769230769230769
0.666666666666667
0.833333333333333
0.714285714285714
0.538461538461538
0.636363636363636
1
0.615384615384615
0.5
1
0.333333333333333
0.666666666666667
0.214285714285714
0.4
0.769230769230769
0.409090909090909
0.4375
0.6
0.416666666666667
0.566666666666667
0.375
1.25
0.6
0.454545454545455
1.08
1.41176470588235
0.829268292682927
1.16129032258065
1.27272727272727
1
0.970588235294118
0.875
0.833333333333333
0.653846153846154
0.75
0.8
0.8
0.611111111111111
0.384615384615385
0.625
0.352941176470588
0.586206896551724
0.451612903225806
0.589285714285714
0.736842105263158
0.666666666666667
0.6875
0.818181818181818
0.391304347826087
0.888888888888889
0.571428571428571
0.576923076923077
0.866666666666667
0.571428571428571
0.5
0.8
0.571428571428571
0.647058823529412
0.4375
0.692307692307692
0.526315789473684
0
0.724137931034483
0.6
0.605263157894737
0.583333333333333
0.468085106382979
0.666666666666667
0.409090909090909
0.2
0.533333333333333
0.464285714285714
0.7
0.5
0.583333333333333
0.75
0.75
0.708333333333333
0.625
0.634146341463415
0.75
0.478260869565217
0.5
0.3
0.76
0.567567567567568
0.666666666666667
0.5
1
0.727272727272727
0.634615384615385
0.540540540540541
0.636363636363636
0.448717948717949
0.509803921568627
0.648648648648649
0.833333333333333
0.769230769230769
0.53125
0.681818181818182
0.611111111111111
0.578125
0.2
0.333333333333333
0.741935483870968
1.5
0.727272727272727
0.666666666666667
0.8
0.888888888888889
0.555555555555556
0.636363636363636
0.708333333333333
0.75
0.611111111111111
0.263157894736842
0.547169811320755
1.5
0.617647058823529
0.607142857142857
0.615384615384615
0.833333333333333
0.444444444444444
0.538461538461538
0.714285714285714
0.375
0.789473684210526
0.7
0.652173913043478
0.695652173913043
0.909090909090909
0.756756756756757
0.770833333333333
0.794871794871795
0.4
0.4
0.526315789473684
0.8
0
0.525
0.584905660377358
0.571428571428571
0.772727272727273
0.707317073170732
0.592592592592593
1
0.555555555555556
0.714285714285714
0.923076923076923
0.684210526315789
0.666666666666667
0.892857142857143
1.1
0.846153846153846
0.444444444444444
0.543478260869565
0.266666666666667
0.111111111111111
0.8
0.25
0.541666666666667
0.3125
1.28571428571429
0.75
0.533333333333333
0.36
0.5
0.5
0.714285714285714
0.652173913043478
0.62962962962963
1
0.285714285714286
0.5
0.315789473684211
0.666666666666667
0.625
0.705882352941177
0.5
0.717948717948718
0.388888888888889
0.5625
0.418604651162791
0.666666666666667
0.285714285714286
0.625
0.766666666666667
0.692307692307692
0.529411764705882
0.733333333333333
0.583333333333333
0.333333333333333
0.7
0.16
1
1.13333333333333
1.17647058823529
0.847457627118644
0.75
0.466666666666667
0.875
1.1875
0.625
0.904761904761905
0.962962962962963
0.90625
0.88135593220339
0.933333333333333
1.10526315789474
0.913793103448276
1
0.904761904761905
0.933333333333333
0.914893617021277
0.590909090909091
1.16666666666667
0.714285714285714
1.25
1
0.571428571428571
0.681818181818182
0.5
0.666666666666667
0.631578947368421
0.723404255319149
0.921052631578947
1
0.777777777777778
0.75
1
0.9
0.666666666666667
0.545454545454545
0.333333333333333
0.628571428571429
0.391304347826087
0.8125
0.666666666666667
0.421052631578947
0.5
0.769230769230769
0.714285714285714
0.714285714285714
0.354838709677419
1.07142857142857
0.5
0.55
0.697674418604651
0.75
0.777777777777778
0.35
0.5
0.58974358974359
0.703703703703704
0.75
0.588235294117647
0.333333333333333
0.785714285714286
0.304347826086957
0.571428571428571
0.708333333333333
0.923076923076923
1.83333333333333
0.666666666666667
0.357142857142857
0.294117647058824
0.32258064516129
0.761904761904762
0.533333333333333
0.52
0.4375
0.489795918367347
0.384615384615385
0.625
0.761904761904762
0.75
0.5625
0.357142857142857
0.238095238095238
0.764705882352941
0.692307692307692
0.59375
0.645569620253165
0.64
0.82051282051282
0.730994152046784
0.8
0.620689655172414
0.666666666666667
1.07142857142857
0.882352941176471
1.14814814814815
0.8
0.810810810810811
0.5
0.555555555555556
0.68
0.695652173913043
0.571428571428571
0.590909090909091
0.857142857142857
0.555555555555556
0.869565217391304
0.636363636363636
0.558139534883721
0.333333333333333
0.142857142857143
0.515625
0.633333333333333
0.4375
0.5
0.75
0.8
0.65
0.413793103448276
1.0625
0.569230769230769
0.540540540540541
0.578947368421053
0.545454545454545
0.818181818181818
0.5
0.727272727272727
0.724137931034483
0.375
0.556701030927835
0.638888888888889
0.625
0.412698412698413
0.552631578947368
0.6
0.727272727272727
0.56
0.6
0.642857142857143
0.758620689655172
0.515151515151515
0.523809523809524
0.347826086956522
0.772727272727273
0.411764705882353
0.621621621621622
0.8
0.56
0.611111111111111
0.567567567567568
0.304347826086957
0.787878787878788
0.470588235294118
0.5875
0.642857142857143
0.393939393939394
0.591304347826087
0.3
0.68
0.578947368421053
0.777777777777778
0.481481481481481
0.470588235294118
0.416666666666667
0.516129032258065
1.28571428571429
0.6875
0.666666666666667
0.695652173913043
0.823529411764706
0.482758620689655
0.35
0.545454545454545
0.692307692307692
0.473684210526316
0.428571428571429
0.272727272727273
0.0666666666666667
0.666666666666667
0.5
0.357142857142857
0.75
0.743589743589744
0.62962962962963
0.8
0.727272727272727
0.666666666666667
0.692307692307692
0.733333333333333
0.588235294117647
0.714285714285714
1.33333333333333
0.6
0.6
0.416666666666667
0.78125
0.7
0.5
0.285714285714286
0.166666666666667
0.68
0.64
0.714285714285714
0.666666666666667
0.653061224489796
0.666666666666667
0.609756097560976
0.582089552238806
0.615384615384615
0.5
0.75
0.615384615384615
0.64
0.716981132075472
0.444444444444444
1.125
0.5
0.870967741935484
0.690140845070423
0.777777777777778
0.315789473684211
1
0.5
0.724137931034483
0.333333333333333
0.555555555555556
0.783783783783784
0.411764705882353
0.583333333333333
0.705882352941177
1.11111111111111
0.476190476190476
0.540540540540541
0.916666666666667
0.227272727272727
0.62962962962963
0.72
0.620689655172414
0.944444444444444
0.888888888888889
0.434782608695652
0.655172413793103
0.590909090909091
0.72972972972973
0.629032258064516
0.802083333333333
0.545454545454545
0.711111111111111
0.606060606060606
0.627906976744186
0.394736842105263
0.75
0.6
0.695652173913043
0.461538461538462
0.470588235294118
0.416666666666667
0.230769230769231
0.315789473684211
0.375
0.384615384615385
0.529411764705882
0.5
0.363636363636364
0.571428571428571
0.642857142857143
0.517241379310345
0.433333333333333
0.583333333333333
0.458333333333333
0.333333333333333
0.818181818181818
0.521739130434783
0.583333333333333
0.571428571428571
0.692307692307692
0.64
0.653846153846154
0.941176470588235
0.642857142857143
0.75
0.5
0.5
0.647058823529412
1.2
0.5
0.741935483870968
0.647058823529412
0.3
0.341463414634146
0.720930232558139
0.633333333333333
0.56
0.625
0.454545454545455
0.363636363636364
0.682926829268293
0.416666666666667
0.571428571428571
0.428571428571429
0.346153846153846
0.75
0.636363636363636
0.578947368421053
0.580645161290323
0.684210526315789
0.576923076923077
0.75
0.366666666666667
0
0.25
0.740740740740741
0.727272727272727
0.347826086956522
0.538461538461538
0.909090909090909
0.230769230769231
1
0.428571428571429
0.586206896551724
0.64
1
0
1.2
0.838709677419355
0.571428571428571
0.6
0.6
0.625
1
1.11111111111111
0.4375
0.947368421052632
0.75
0.863636363636364
0.7
0.636363636363636
0.684210526315789
0.7
0.625
0.117647058823529
0.636363636363636
0.75
0.869565217391304
0.583333333333333
0.692307692307692
0.758620689655172
0.777777777777778
0.833333333333333
0.708333333333333
1.02631578947368
1.19230769230769
0.7
1.12903225806452
0.80952380952381
0.767441860465116
1.05555555555556
0.961538461538462
0.418604651162791
0.865384615384615
0.333333333333333
0.857142857142857
0.777777777777778
0.583333333333333
0.333333333333333
1
0.692307692307692
0.516129032258065
1.53333333333333
0.894736842105263
0.944444444444444
1.5
1
1.4
1.45454545454545
0.90625
1.0625
1
0.818181818181818
0.923076923076923
1
0.642857142857143
0.742424242424242
0.757575757575758
0.805555555555556
0.833333333333333
0.709677419354839
1.1
0.461538461538462
0.5
0.736842105263158
0.678571428571429
0.909090909090909
2.66666666666667
1.09677419354839
1
3
3.2
2.125
3.28571428571429
0.91304347826087
1.14285714285714
1
0.977272727272727
0.888888888888889
9.5
0.944444444444444
0.894736842105263
1
0.966666666666667
0.95
0.933333333333333
0.875
0.333333333333333
0.476190476190476
0.777777777777778
0.461538461538462
0.4375
1
0.333333333333333
0.928571428571429
0.894736842105263
0.8
0.590909090909091
0.416666666666667
0.307692307692308
0.902439024390244
0.625
0.5
0.380952380952381
0.708333333333333
0.375
0.884615384615385
1.4
1.46153846153846
2.375
0.45
0
0.836363636363636
0.6
0.785714285714286
0.625
1.07692307692308
0.758620689655172
0.518518518518518
0.444444444444444
0.866666666666667
0.6
1.03030303030303
0.689655172413793
1.06666666666667
0.846153846153846
0.48
0.75
0.520833333333333
0.2
0.9375
0.571428571428571
0.642857142857143
0.659574468085106
0.909090909090909
0.333333333333333
0.5625
0.428571428571429
0.666666666666667
0.775862068965517
0.814814814814815
0.862068965517241
0.733333333333333
0.714285714285714
0.923076923076923
0.5
0.307692307692308
0.722222222222222
0.551724137931034
0.384615384615385
0.533333333333333
0.611111111111111
0.142857142857143
0.636363636363636
0.181818181818182
0.777777777777778
1
0.612244897959184
0.588235294117647
0.769230769230769
0.794117647058823
0.68
0.75
0.933333333333333
0.9375
0.916666666666667
0.892857142857143
1.56
0.92
1
1.69230769230769
1
1
1.4
0.941176470588235
2.14285714285714
0.939393939393939
1
0.947368421052632
0.85
0.526315789473684
0.638888888888889
0.8
0.714285714285714
0.8
0.692307692307692
0.571428571428571
1.07692307692308
0.2
0.333333333333333
0.571428571428571
0.653846153846154
0.758620689655172
0.444444444444444
0.878048780487805
1.4
1
0.571428571428571
0.727272727272727
0.631578947368421
0.206896551724138
0.916666666666667
0.761904761904762
0.708333333333333
0.568181818181818
0.434782608695652
1.125
0.8125
0.653333333333333
0.645161290322581
0.470588235294118
0.666666666666667
0.444444444444444
0.526315789473684
0.333333333333333
0.4375
1
0.769230769230769
0.333333333333333
1
0.769230769230769
0.684210526315789
1
1.14705882352941
0.625
0.333333333333333
0.724137931034483
1
0.875
0.684931506849315
0.526315789473684
0.863636363636364
0.133333333333333
0.166666666666667
0.166666666666667
0.555555555555556
0.666666666666667
0.714285714285714
1
0.833333333333333
0.888888888888889
0.461538461538462
0.625
0.714285714285714
0.583333333333333
0.2
0.428571428571429
0.547169811320755
0.707317073170732
0.692307692307692
0.285714285714286
0.5
0.388888888888889
0.772727272727273
0.666666666666667
0.482758620689655
0.75
0.66
0.580645161290323
0.5
0.285714285714286
0.424242424242424
0.285714285714286
0.52
0.826086956521739
0.789473684210526
0.483870967741935
0.826086956521739
0.846153846153846
0.720930232558139
0.80952380952381
0.25
0.818181818181818
0.816901408450704
0.80952380952381
3
0.642857142857143
0.625
0.529411764705882
0.777777777777778
1
1
0.6
0.944444444444444
0.857142857142857
0.684210526315789
0.857142857142857
0.4
0.463414634146341
0.785714285714286
0.4
0.764705882352941
1.21212121212121
2.25
2.14285714285714
1.8125
1.07692307692308
1.86046511627907
1.4
1.62162162162162
0.75
0.615384615384615
1
0.666666666666667
0.72
0.761904761904762
0.857142857142857
0.8
0.6
0.65
0.611111111111111
1
0.555555555555556
0.678571428571429
0.733333333333333
0.153846153846154
0.714285714285714
0.652173913043478
0.571428571428571
0.617647058823529
0.466666666666667
0.588235294117647
0.62962962962963
0.235294117647059
0.857142857142857
0.714285714285714
0.833333333333333
1.33333333333333
0.545454545454545
0.647058823529412
0.25
0.540540540540541
0.8125
0.857142857142857
0.666666666666667
0.684210526315789
0.75
0.72
0.653846153846154
0.875
0.636363636363636
0.814814814814815
0.774193548387097
0.588235294117647
0.875
0.909090909090909
0
0.666666666666667
0.923076923076923
0.666666666666667
1
0.952380952380952
2.2
1.61538461538462
1.46153846153846
1.5
1.83333333333333
1.29411764705882
2.18181818181818
0.91304347826087
1.04761904761905
0.956521739130435
1.16666666666667
1
1
0.916666666666667
1.58823529411765
0.956521739130435
0.95
0.95
0.948717948717949
0.954545454545455
3
0.916666666666667
0.9375
0.85
2.16666666666667
0.888888888888889
0.923076923076923
0.944444444444444
1
0.407407407407407
0.9
1.18181818181818
0.666666666666667
0.585365853658537
0.761904761904762
0.769230769230769
0.6
0.787878787878788
0.714285714285714
0.609756097560976
0.666666666666667
0.2
0.9
0.75
0.666666666666667
0.75
0
0.3
0.375
0.36
0.625
0.833333333333333
0.818181818181818
0.75
0.714285714285714
0.774193548387097
0.692307692307692
0.869565217391304
0.705882352941177
0.888888888888889
0.666666666666667
0.714285714285714
1
0.571428571428571
0.714285714285714
0.944444444444444
0.904761904761905
1.6
0.892857142857143
0.923076923076923
1.19444444444444
0.8
0.96551724137931
0.982142857142857
1.72727272727273
0.777777777777778
2.8
3.6
0.869565217391304
1.71428571428571
0.923076923076923
3.55555555555556
1
2.83333333333333
3.3
0.977777777777778
0.923076923076923
1
0.875
0.96875
1.4
0.333333333333333
0.315789473684211
0.25
0.637931034482759
0.5
0.75
0.625
0.576923076923077
0.777777777777778
0.85
0.777777777777778
0.55
0.75
0.333333333333333
0.85
0.733333333333333
0.609756097560976
0.620689655172414
0.790697674418605
0.844444444444444
0.733333333333333
1
0.764705882352941
0.6875
0.684210526315789
0.529411764705882
0.931034482758621
0.75
0.675675675675676
0.5
0.736842105263158
0.5
0.333333333333333
0.59375
0.678571428571429
0.571428571428571
0.1
0.333333333333333
0.551724137931034
0.666666666666667
0.631578947368421
0.375
0.590909090909091
0.7
0.487179487179487
0.714285714285714
0.35
0.6875
0.321428571428571
0.84
0.6
0.578947368421053
0.634146341463415
0.666666666666667
0.4
0.526315789473684
0.111111111111111
0.59375
0.578947368421053
0.875
0.826086956521739
0.666666666666667
0.615384615384615
0.578947368421053
0.548387096774194
0.307692307692308
1.66666666666667
0.673913043478261
0.818181818181818
0.696969696969697
0.7
0.8125
0.25
0.210526315789474
0.4
0.607142857142857
0.75
1
0.928571428571429
0.5
0.538461538461538
0.545454545454545
0.478260869565217
0.583333333333333
0.428571428571429
0.307692307692308
0.285714285714286
0.533333333333333
0.51063829787234
0.607843137254902
0.75
0.5625
0.666666666666667
0.823529411764706
0.666666666666667
0.466666666666667
0.321428571428571
0.866666666666667
0.565217391304348
0.636363636363636
0.230769230769231
0.842105263157895
0.555555555555556
0.777777777777778
0.666666666666667
0.612903225806452
0.793103448275862
0.735294117647059
0.652173913043478
0.758620689655172
0.64
0.727272727272727
0.625
0.766666666666667
0.611111111111111
0.870967741935484
0.706896551724138
0.666666666666667
0.777777777777778
0.368421052631579
0.566666666666667
0.666666666666667
0.214285714285714
0.758620689655172
0.709677419354839
0.514285714285714
0.766666666666667
0.458333333333333
0.65
0.88
1.27272727272727
0.857142857142857
1.26315789473684
1.44444444444444
0.714285714285714
0.75
0.666666666666667
0.76271186440678
1.30769230769231
0.458333333333333
0.444444444444444
0.272727272727273
0.666666666666667
0.515151515151515
0.454545454545455
0.5625
0.25
2.8
0.689655172413793
0.909090909090909
1.05
0.916666666666667
0.916666666666667
1
0.944444444444444
0.95
0.866666666666667
0.976744186046512
0.916666666666667
0.946428571428571
0.947368421052632
1.61538461538462
0.840909090909091
0.939393939393939
0.909090909090909
0.909090909090909
1.36842105263158
0.888888888888889
2.10526315789474
1.75
1.80952380952381
1.11111111111111
1.56666666666667
1.17391304347826
0.9
1.24242424242424
1.78947368421053
0.853658536585366
0.565217391304348
0.571428571428571
1
0.692307692307692
0.785714285714286
0.421052631578947
0.647058823529412
0.3125
0.583333333333333
0.789473684210526
0.333333333333333
0.592592592592593
1.1
0.45
0.868852459016393
0.538461538461538
0.888888888888889
0.791666666666667
0.619047619047619
1.66666666666667
1.41666666666667
0.9
1.43478260869565
0.666666666666667
0.25
0.4
0.80952380952381
0.611111111111111
0.25
0.523809523809524
0.673469387755102
0.533333333333333
0.833333333333333
1
0.962962962962963
0.833333333333333
0.777777777777778
0.647058823529412
0.518518518518518
0.5
0.882352941176471
0.9
1
1
1
1
1.14285714285714
0.888888888888889
1.5
1
2
3.5
1.75
0.875
0.666666666666667
0.625
0.842105263157895
0.769230769230769
0.5
0.818181818181818
1
0.785714285714286
0.875
0.526315789473684
0.789473684210526
0.363636363636364
1
0.666666666666667
0.333333333333333
0.636363636363636
0.375
0.451612903225806
0.545454545454545
0.761904761904762
0.6
0.571428571428571
0.428571428571429
0.727272727272727
0.619047619047619
0.2
0.555555555555556
0.538461538461538
0.333333333333333
2
0.636363636363636
0.545454545454545
0.2
1
0.952380952380952
0.5
0.6
1.5
0.682926829268293
0.653846153846154
0.4
1.2
0.785714285714286
1
0.615384615384615
0.73134328358209
0.583333333333333
0.785714285714286
0.857142857142857
0.444444444444444
0.6
0.555555555555556
0.769230769230769
0.75
0.681818181818182
0.68
0.692307692307692
0.470588235294118
0.464285714285714
0.785714285714286
0.333333333333333
0.533333333333333
0.777777777777778
0.6
0.692307692307692
0.6
0.8
0.714285714285714
1
1
1
1
0.722222222222222
0.625
0.4
0.315789473684211
0.608695652173913
0.733333333333333
0.666666666666667
0.962962962962963
0.916666666666667
0.954545454545455
0.956521739130435
2
0.955555555555556
2.73333333333333
1
1.4375
0.62962962962963
0.421052631578947
0.888888888888889
0.142857142857143
0.444444444444444
0.5
0.681818181818182
0.409090909090909
0.363636363636364
0.461538461538462
0.733333333333333
0.75
0.727272727272727
0.7
0.660714285714286
0.8
0.701754385964912
1.11764705882353
0.5
0.333333333333333
0
0.285714285714286
0.666666666666667
0.666666666666667
0.8
0.514285714285714
0.666666666666667
0.454545454545455
0.666666666666667
1
0.538461538461538
0.535714285714286
0.296296296296296
0.689189189189189
0.904761904761905
0.551724137931034
0.538461538461538
0.473684210526316
1
0.5
0.55
0.3
0.444444444444444
1.5
0.833333333333333
0.692307692307692
0.533333333333333
0.733333333333333
0.75
0.6
0.571428571428571
3.125
0.611111111111111
0.888888888888889
0
1.11111111111111
0.588235294117647
0.868421052631579
0.783783783783784
0.511627906976744
0.263157894736842
0.333333333333333
0.379310344827586
0.6875
0.4
0.571428571428571
0.0952380952380952
0.4
0.65
0.590909090909091
0.703703703703704
0.692307692307692
0.444444444444444
0.5
0.833333333333333
0.617021276595745
0.52
0.555555555555556
0.5625
0.904761904761905
1
0.238095238095238
0.4
0.333333333333333
0.766666666666667
0.526315789473684
0.727272727272727
0.785714285714286
0.769230769230769
0
0
0.833333333333333
0.575
1
0.9375
0.907407407407407
0.933333333333333
0.941176470588235
1
1.30769230769231
2
4.6
0.952380952380952
1.30769230769231
1.53846153846154
2.71428571428571
3.5
1.8125
1
0.96551724137931
0.909090909090909
0.5
0.615384615384615
0.85
0.2
0.8
0
0.947368421052632
0.666666666666667
0.653846153846154
1.33333333333333
0.760869565217391
0.555555555555556
0.75
0.333333333333333
0.285714285714286
0.214285714285714
0.9375
0.75
0.692307692307692
0.833333333333333
0.567567567567568
0.724137931034483
0.428571428571429
0.617647058823529
0.675
0.538461538461538
0.727272727272727
0.545454545454545
0.666666666666667
0.2
0.560975609756098
0.428571428571429
0.428571428571429
0.666666666666667
0.65625
0.384615384615385
0.761194029850746
0.785714285714286
0.888888888888889
0.2
0.833333333333333
0.555555555555556
0.5
0.44
0.722222222222222
0.533333333333333
0.464285714285714
0.333333333333333
0.785714285714286
0.6
0.666666666666667
0.96
1.47368421052632
2.93333333333333
1.44444444444444
0.941176470588235
0.967741935483871
1.63636363636364
1.23076923076923
5.75
0.9375
1
0.928571428571429
1.2
0.961538461538462
1.3
1.47619047619048
4.57142857142857
0.875
1.41176470588235
1
1.63636363636364
1.54545454545455
2
1.8
1
0.916666666666667
0.894736842105263
0.842105263157895
0.857142857142857
0.777777777777778
0.611111111111111
0.333333333333333
0.476190476190476
0.571428571428571
1
0.714285714285714
0.666666666666667
0.375
0.428571428571429
0.230769230769231
0.444444444444444
0.833333333333333
0.580645161290323
0.392857142857143
0.7
0.529411764705882
0.476190476190476
0.428571428571429
0.428571428571429
0.346153846153846
0.513513513513513
0.555555555555556
0.285714285714286
0.833333333333333
0
0.666666666666667
0.333333333333333
0.538461538461538
0.666666666666667
0.676470588235294
0.8
0.777777777777778
0.285714285714286
0
0.625
0.636363636363636
0.521739130434783
0.636363636363636
0.666666666666667
0.5
0.4
0.733333333333333
0.567567567567568
0.25
0.681818181818182
0.566666666666667
0.64
0.925925925925926
0.90625
0.75
2
0.931034482758621
0.91304347826087
0.5
0.951219512195122
0.941176470588235
0.875
1.21428571428571
0.823529411764706
0.916666666666667
1
0.941176470588235
0.892857142857143
0.944444444444444
1.16666666666667
1.33333333333333
1.02272727272727
0.952380952380952
0.645833333333333
0.608695652173913
0.5625
1
0
0.5
0.5
0.5
0.947368421052632
1
0.85
0.933333333333333
0.928571428571429
7
1.7
0.928571428571429
3.75
1
2
0.962962962962963
1
0.96
1
0.6
0.456521739130435
0.36
0.6875
0.666666666666667
0.529411764705882
1
1
