1
0.679245283018868
0.85
0.476190476190476
0.703703703703704
0.666666666666667
0.75609756097561
0.475
0.685714285714286
0.65
0.44
0.666666666666667
0.578947368421053
0.916666666666667
1.2
0.75
0.695652173913043
0.708333333333333
0.470588235294118
1.13953488372093
0.481481481481481
0.2
0.833333333333333
0.594594594594595
0.653846153846154
0.433333333333333
0.684210526315789
0.4
0.733333333333333
0.731707317073171
0.555555555555556
0.516129032258065
0.448275862068966
0.857142857142857
0.235294117647059
0.769230769230769
0.653846153846154
0.636363636363636
0.04
0.428571428571429
0.65625
0.333333333333333
0.5
0.548387096774194
0.857142857142857
0.3
0.5
0.588235294117647
0.5
0.620689655172414
0.52
0.884615384615385
0.782608695652174
0.75
0.770833333333333
0.565217391304348
0.828571428571429
0.785714285714286
0.681818181818182
0.8
0.575
1.1304347826087
0.454545454545455
1
0.444444444444444
0.8125
0.475
0.645161290322581
0.565217391304348
0.769230769230769
0.375
0.9
0.648648648648649
0.45
0.78125
0.740740740740741
0.571428571428571
0.347826086956522
0.928571428571429
0.333333333333333
0.2
0.4375
0.68
0.566666666666667
0.388888888888889
0.5
0.666666666666667
0.446808510638298
0.583333333333333
0.368421052631579
0.290322580645161
0.75
0.62962962962963
0.411764705882353
0.285714285714286
0.583333333333333
0.5
0.666666666666667
0.818181818181818
0.68
0.555555555555556
0.666666666666667
0.736842105263158
0.714285714285714
0.717391304347826
0.529411764705882
0.636363636363636
0.684210526315789
0.7
0.826086956521739
0.68
0.421052631578947
0.655172413793103
0.611111111111111
0.3125
0.458333333333333
0.586206896551724
0.375
0.461538461538462
0.315789473684211
0.421052631578947
0.9
0.227272727272727
0.547619047619048
0.433333333333333
0.529411764705882
0.631578947368421
0.75
0.625
0.333333333333333
0.545454545454545
0.323529411764706
0.346153846153846
0.166666666666667
0.696969696969697
0.526315789473684
1.125
0.48
0.555555555555556
0.19047619047619
0.631578947368421
0.518518518518518
0.545454545454545
0.644444444444444
0.75
0.4
0.666666666666667
0.4
0.8
0.8125
0.555555555555556
0.3
0.761904761904762
0.583333333333333
1
1
1
1
1
1
0.5
0.888888888888889
0.625
0.722222222222222
0.363636363636364
0.741379310344828
0.538461538461538
0.615384615384615
0.96
0.7
1
0.5
0.782608695652174
0.647058823529412
0.758620689655172
0.357142857142857
0.8
0.666666666666667
0.645833333333333
1
0.927272727272727
0.914285714285714
0.875
0.959183673469388
0.96875
0.935483870967742
1.08695652173913
0.915254237288136
1.19354838709677
0.936170212765957
0.528301886792453
1.5
0.466666666666667
0.7
0.5
0.333333333333333
0.5
0.666666666666667
0.444444444444444
0.482758620689655
0.384615384615385
0.647058823529412
0.517241379310345
0.666666666666667
0.777777777777778
0.333333333333333
0.592592592592593
0.166666666666667
0.333333333333333
0.375
0.6
0.652173913043478
0.714285714285714
0.416666666666667
0.833333333333333
0.333333333333333
0.846153846153846
0.458333333333333
0.6
0.714285714285714
0.653846153846154
0.454545454545455
0.818181818181818
0.461538461538462
0.453488372093023
0.166666666666667
1
0.740740740740741
0.857142857142857
0.4
0.423076923076923
0.318181818181818
0.625
0.1
0.333333333333333
0.5
0.25
0.875
0.3
0.409090909090909
0.44
0.941176470588235
0.341463414634146
0.612903225806452
0.636363636363636
0.34375
0.529411764705882
0.333333333333333
0.527777777777778
0.5
1.5
0.6
0.733333333333333
0.555555555555556
0.384615384615385
0.625
0.352941176470588
0.482758620689655
0.483870967741935
0.5
0.719298245614035
1
0.625
0.863636363636364
0.391304347826087
0.388888888888889
0.571428571428571
1
0.733333333333333
0.5
0.333333333333333
0.4
0.428571428571429
0.235294117647059
0.1875
0.461538461538462
0.368421052631579
0.333333333333333
0.482758620689655
0.466666666666667
0.736842105263158
0.333333333333333
0.531914893617021
0.555555555555556
0.545454545454545
0.3
0.466666666666667
0.607142857142857
0.7
0.571428571428571
0.361111111111111
0.45
0.875
0.583333333333333
0.5
0.51219512195122
0.25
0.521739130434783
0.642857142857143
0.4
0.72
0.351351351351351
0.333333333333333
0.722222222222222
1.1
0.636363636363636
0.442307692307692
0.594594594594595
0.363636363636364
0.564102564102564
0.705882352941177
0.648648648648649
1
0.846153846153846
0.34375
0.636363636363636
0.555555555555556
0.5625
0.55
0.333333333333333
0.741935483870968
1.5
0.409090909090909
0.583333333333333
0.4
0.555555555555556
0.592592592592593
0.181818181818182
0.416666666666667
0.6875
0.444444444444444
0.263157894736842
0.452830188679245
1.25
0.764705882352941
0.75
0.653846153846154
0.555555555555556
0.740740740740741
0.538461538461538
2.14285714285714
0.5625
1.10526315789474
0.45
0.434782608695652
0.956521739130435
0.424242424242424
0.702702702702703
0.75
0.461538461538462
0.657142857142857
0.75
0.526315789473684
0.85
0.75
0.675
0.60377358490566
0.714285714285714
0.818181818181818
0.463414634146341
0.666666666666667
0.571428571428571
0.740740740740741
0.785714285714286
0.692307692307692
0.526315789473684
0.666666666666667
0.714285714285714
0.75
0.538461538461538
0.777777777777778
0.5
0.4
0.555555555555556
0.7
0.875
0.833333333333333
0.3125
1.14285714285714
0.75
0.766666666666667
0.68
0.431034482758621
0.1875
0.476190476190476
0.782608695652174
0.666666666666667
0.9
0.5
0.318181818181818
0.421052631578947
0.641025641025641
0.425
0.588235294117647
0.5
0.538461538461538
0.277777777777778
0.875
0.511627906976744
0.888888888888889
0.714285714285714
0.625
0.566666666666667
0.461538461538462
0.470588235294118
0.733333333333333
0.583333333333333
0.375
0.6
0.16
1.07692307692308
0.866666666666667
0.647058823529412
0.559322033898305
0.9
0.433333333333333
1.125
0.875
0.5
0.666666666666667
0.703703703703704
0.8125
0.644067796610169
0.766666666666667
0.578947368421053
0.724137931034483
0.846153846153846
1.14285714285714
0.8
0.553191489361702
0.409090909090909
0.666666666666667
0.785714285714286
0.75
0.75
0.428571428571429
0.318181818181818
0.433333333333333
0.277777777777778
0.684210526315789
0.808510638297872
0.815789473684211
2.5
0.777777777777778
0.785714285714286
0.666666666666667
0.55
0.888888888888889
0.590909090909091
0.111111111111111
0.714285714285714
0.695652173913043
0.5
0.615384615384615
0.315789473684211
0.4
0.923076923076923
0.666666666666667
0.857142857142857
0.451612903225806
0.571428571428571
0.75
0.6
0.697674418604651
0.75
0.666666666666667
0.65
0.5
0.692307692307692
0.740740740740741
0.55
0.647058823529412
0.333333333333333
0.428571428571429
0.304347826086957
0.571428571428571
0.583333333333333
0.538461538461538
1.16666666666667
0.571428571428571
0.321428571428571
0.235294117647059
0.709677419354839
0.428571428571429
0.866666666666667
0.6
0.6875
0.551020408163265
0.615384615384615
0.675
0.714285714285714
1
0.75
0.785714285714286
0.428571428571429
0.617647058823529
0.769230769230769
0.5625
0.632911392405063
0.72
0.82051282051282
0.871345029239766
1.06666666666667
0.706896551724138
0.703703703703704
0.833333333333333
0.725490196078431
0.62962962962963
0.7
0.675675675675676
0.722222222222222
0.888888888888889
1.04
0.956521739130435
0.714285714285714
0.772727272727273
0.666666666666667
0.888888888888889
1.17391304347826
0.96969696969697
0.488372093023256
0.388888888888889
0.428571428571429
0.609375
0.666666666666667
0.5625
0.785714285714286
0.875
0.825
0.65
0.275862068965517
0.8125
0.569230769230769
0.486486486486487
0.842105263157895
0.393939393939394
0.181818181818182
0.5
0.272727272727273
0.379310344827586
1.0625
0.927835051546392
1.02777777777778
1.25
0.936507936507937
0.921052631578947
0.966666666666667
1.68181818181818
1.28
0.95
1.21428571428571
0.827586206896552
0.636363636363636
0.619047619047619
0.521739130434783
0.545454545454545
0.411764705882353
0.621621621621622
1.06666666666667
0.68
0.611111111111111
0.648648648648649
0.521739130434783
0.909090909090909
0.705882352941177
0.775
0.857142857142857
0.575757575757576
0.617391304347826
0.7
0.72
0.684210526315789
0.777777777777778
0.62962962962963
0.588235294117647
0.583333333333333
0.580645161290323
1.14285714285714
0.5
0.708333333333333
0.652173913043478
0.411764705882353
0.689655172413793
0.5
0.5
0.576923076923077
0.526315789473684
0.857142857142857
0.363636363636364
0.666666666666667
0.7
0.363636363636364
0.428571428571429
1.25
0.769230769230769
0.592592592592593
0.766666666666667
0.681818181818182
0.518518518518518
0.41025641025641
0.666666666666667
0.588235294117647
1
0.666666666666667
0.45
0.4
0.333333333333333
0.75
0.533333333333333
0.666666666666667
0
0.333333333333333
0.52
0.76
0.666666666666667
0.444444444444444
0.836734693877551
0.666666666666667
0.829268292682927
0.880597014925373
0.653846153846154
0.5
0.525
0.307692307692308
0.52
0.528301886792453
0.277777777777778
0.875
1
0.580645161290323
0.816901408450704
0.518518518518518
0.526315789473684
1.14285714285714
0.785714285714286
0.551724137931034
0.111111111111111
0.277777777777778
0.459459459459459
0.764705882352941
0.611111111111111
0.529411764705882
1
0.904761904761905
0.432432432432432
1.08333333333333
0.409090909090909
0.518518518518518
0.76
0.517241379310345
0.833333333333333
0.711111111111111
0.347826086956522
0.655172413793103
0.636363636363636
0.567567567567568
0.725806451612903
0.75
0.454545454545455
0.6
0.454545454545455
0.767441860465116
0.736842105263158
0.392857142857143
0.2
0.347826086956522
0.538461538461538
0.647058823529412
0.416666666666667
0.615384615384615
0.421052631578947
0.375
0.423076923076923
0.647058823529412
1
0.590909090909091
0.428571428571429
0.607142857142857
0.551724137931034
0.666666666666667
0.875
0.75
0.933333333333333
1.09090909090909
0.869565217391304
0.666666666666667
1
0.846153846153846
0.84
0.576923076923077
0.882352941176471
0.642857142857143
0.75
0.9
0.833333333333333
1.17647058823529
0.933333333333333
0.647058823529412
0.580645161290323
0.588235294117647
0.9
0.75609756097561
0.86046511627907
0.866666666666667
0.84
1.375
0.818181818181818
0.636363636363636
0.902439024390244
0.958333333333333
0.428571428571429
0.642857142857143
0.730769230769231
0.625
0.818181818181818
0.421052631578947
0.774193548387097
0.473684210526316
1.07692307692308
0.527777777777778
0.633333333333333
0.111111111111111
0.6875
0.481481481481481
0.727272727272727
0.347826086956522
0.307692307692308
0.5
0.461538461538462
0.75
0.428571428571429
0.482758620689655
0.68
0.5
0.5
0.4
0.354838709677419
0.571428571428571
0.6
1.26666666666667
0.46875
0.222222222222222
0.5
0.125
0.842105263157895
0.4
0.545454545454545
0.5
0.363636363636364
0.526315789473684
0.5
0.666666666666667
0.294117647058824
0.272727272727273
0.8
0.630434782608696
0.75
0.461538461538462
0.413793103448276
0.388888888888889
0.722222222222222
0.541666666666667
0.552631578947368
0.730769230769231
0.45
0.806451612903226
0.476190476190476
0.674418604651163
0.611111111111111
0.5
0.418604651162791
0.788461538461538
0.583333333333333
0.857142857142857
0.62962962962963
0.625
0.833333333333333
1
0.717948717948718
0.741935483870968
1.86666666666667
0.894736842105263
0.944444444444444
1.75
1
1.4
1.36363636363636
0.90625
0.9375
0.916666666666667
1.09090909090909
1.76923076923077
1
1.07142857142857
1.22727272727273
0.96969696969697
1.30555555555556
1.53333333333333
0.903225806451613
1.3
0.730769230769231
0.571428571428571
0.842105263157895
0.464285714285714
0.863636363636364
2.41666666666667
1.16129032258065
1
2.6
3.2
2.125
2.85714285714286
0.869565217391304
1.42857142857143
1.23529411764706
0.954545454545455
0.944444444444444
15
0.944444444444444
0.947368421052632
1
0.966666666666667
0.95
0.933333333333333
0.75
0.333333333333333
0.380952380952381
0.666666666666667
0.576923076923077
0.6875
1
0
0.571428571428571
0.789473684210526
0.466666666666667
0.772727272727273
0.666666666666667
0.769230769230769
0.902439024390244
0.375
0.523809523809524
0.523809523809524
0.708333333333333
0.625
0.692307692307692
1.8
1.46153846153846
0.75
0.5
0.666666666666667
0.745454545454545
0.7
0.785714285714286
0.5
1.76923076923077
0.827586206896552
0.444444444444444
0.555555555555556
0.933333333333333
0.533333333333333
0.575757575757576
0.586206896551724
0.733333333333333
0.846153846153846
0.64
0.625
0.395833333333333
0.5
0.75
0.285714285714286
0.666666666666667
0.51063829787234
0.818181818181818
0.333333333333333
0.6875
0.285714285714286
1.66666666666667
0.603448275862069
0.518518518518518
0.689655172413793
0.866666666666667
0.666666666666667
1.23076923076923
0.8125
0.615384615384615
0.666666666666667
0.586206896551724
0.384615384615385
0.4
0.5
0
0.575757575757576
0.454545454545455
0.777777777777778
0.8
0.775510204081633
0.588235294117647
1
0.441176470588235
0.72
0.892857142857143
1
0.9375
1
0.892857142857143
1.8
0.96
0.916666666666667
1.69230769230769
1.04347826086957
1.04347826086957
1.33333333333333
0.882352941176471
1.71428571428571
0.939393939393939
0.909090909090909
0.982456140350877
0.65
0.736842105263158
0.694444444444444
0.75
0.642857142857143
0.666666666666667
0.769230769230769
0.619047619047619
1.07692307692308
0.2
0.333333333333333
0.732142857142857
0.653846153846154
0.724137931034483
0.711111111111111
0.975609756097561
1.2
0.923076923076923
0.642857142857143
0.363636363636364
0.842105263157895
0.724137931034483
0.916666666666667
0.714285714285714
0.625
0.568181818181818
0.434782608695652
1.125
0.6875
0.773333333333333
0.580645161290323
0.764705882352941
0.666666666666667
0.472222222222222
0.947368421052632
0.333333333333333
0.625
1
0.769230769230769
0.666666666666667
0.727272727272727
0.692307692307692
0.842105263157895
1
0.882352941176471
0.75
0.333333333333333
0.586206896551724
0.5
0.4375
0.616438356164384
0.105263157894737
0.454545454545455
0.2
5.16666666666667
1.66666666666667
1
0.666666666666667
2.71428571428571
0.9
0.833333333333333
1.33333333333333
0.730769230769231
0.625
0.523809523809524
0.583333333333333
0
0.857142857142857
0.566037735849057
0.75609756097561
0.692307692307692
0.321428571428571
0.666666666666667
1.11111111111111
0.727272727272727
0.666666666666667
0.551724137931034
1
0.7
0.806451612903226
0.653846153846154
0.285714285714286
0.333333333333333
0.142857142857143
0.52
0.91304347826087
0.631578947368421
0.67741935483871
1.08695652173913
0.846153846153846
0.790697674418605
0.428571428571429
0.333333333333333
0.545454545454545
0.661971830985915
0.523809523809524
0.5
0.857142857142857
0.75
0.529411764705882
0.555555555555556
0.688888888888889
1
0.64
0.666666666666667
0.571428571428571
0.736842105263158
1
0.4
0.560975609756098
0.785714285714286
0.7
0.5
0.590909090909091
0.125
0
0.625
0.692307692307692
0.604651162790698
0.65
0.567567567567568
0.5
0.0769230769230769
0.222222222222222
0.777777777777778
0.76
0.666666666666667
0.714285714285714
0.8
0.8
0.75
1.33333333333333
0.5
1.11111111111111
0.571428571428571
0.866666666666667
0.307692307692308
0.714285714285714
0.652173913043478
0.571428571428571
0.588235294117647
0.5
0.705882352941177
0.703703703703704
0.294117647058824
0.142857142857143
0.642857142857143
0.833333333333333
0.666666666666667
1.18181818181818
0.470588235294118
0.25
0.594594594594595
0.75
1.42857142857143
1.11111111111111
0.736842105263158
0.458333333333333
0.72
0.538461538461538
0.666666666666667
0.818181818181818
0.592592592592593
0.67741935483871
0.235294117647059
0.5
0.727272727272727
0.75
0.777777777777778
0.923076923076923
0.5
0.461538461538462
0.619047619047619
2.3
1.57692307692308
1.23076923076923
1.4
1.72222222222222
1.05882352941176
1.09090909090909
0.91304347826087
0.904761904761905
0.91304347826087
1
1.05263157894737
1
1.04166666666667
2.11764705882353
0.978260869565217
1.25
0.9
0.923076923076923
0.954545454545455
2.4
0.916666666666667
1
0.925
1.58333333333333
0.944444444444444
0.923076923076923
1
1.22222222222222
0.777777777777778
1
0.818181818181818
0.833333333333333
0.902439024390244
0.80952380952381
1.15384615384615
0.4
0.818181818181818
1
0.707317073170732
0.777777777777778
0.5
0.9
1
0.444444444444444
0.6
0.1
0.6
0.875
0.6
0.375
0.5
0.727272727272727
0.583333333333333
0.571428571428571
0.387096774193548
0.653846153846154
0.869565217391304
0.588235294117647
1.11111111111111
0.666666666666667
0.571428571428571
1
0.571428571428571
0.857142857142857
0.944444444444444
1
1.4
0.857142857142857
0.923076923076923
1.25
0.85
0.96551724137931
1
2.45454545454545
1.44444444444444
2.4
3.4
0.869565217391304
1
1.53846153846154
4.22222222222222
1
4.91666666666667
5.9
0.977777777777778
0.923076923076923
1
0.875
0.90625
0.8
0.416666666666667
0.631578947368421
1
0.689655172413793
0.4
0.8125
0.6875
0.730769230769231
0.444444444444444
1.05
0.888888888888889
0.6
0.35
0.333333333333333
0.5
0.633333333333333
0.682926829268293
0.655172413793103
0.767441860465116
0.844444444444444
0.633333333333333
0.8
0.882352941176471
0.6875
0.368421052631579
0.647058823529412
0.931034482758621
0.583333333333333
0.72972972972973
0.617647058823529
0.684210526315789
0.75
0.333333333333333
0.6875
0.642857142857143
0.285714285714286
0.4
0.5
0.793103448275862
0.722222222222222
0.894736842105263
0.5625
0.840909090909091
0.95
0.692307692307692
0.952380952380952
0.55
0.8125
0.75
0.68
0.4
0.473684210526316
0.560975609756098
0.611111111111111
0.2
0.526315789473684
0.111111111111111
0.5
0.684210526315789
0.625
0.826086956521739
0.566666666666667
0.538461538461538
0.789473684210526
0.612903225806452
0.153846153846154
0
0.673913043478261
0.696969696969697
0.696969696969697
0.5
0.5
0.75
0.631578947368421
1
0.678571428571429
0.875
0
0.928571428571429
2
1
1.27272727272727
0.91304347826087
0.916666666666667
1
0.961538461538462
0.964285714285714
0.9
0.978723404255319
0.607843137254902
1.16666666666667
0.5
0.833333333333333
0.764705882352941
0.444444444444444
0.933333333333333
0.428571428571429
0.8
0.652173913043478
0.545454545454545
0.692307692307692
0.763157894736842
0.527777777777778
0.555555555555556
0.666666666666667
0.580645161290323
0.620689655172414
0.617647058823529
0.260869565217391
0.689655172413793
0.48
0.272727272727273
0.625
0.7
0.444444444444444
0.741935483870968
0.655172413793103
1
0.5
0.684210526315789
0.6
0.611111111111111
0.285714285714286
0.586206896551724
0.774193548387097
0.628571428571429
0.733333333333333
0.583333333333333
1.15
0.84
0.727272727272727
0.357142857142857
0.894736842105263
0.777777777777778
0.476190476190476
0.75
0.541666666666667
0.661016949152542
0.692307692307692
0.625
0.644444444444444
0.545454545454545
0.666666666666667
0.636363636363636
0.818181818181818
0.875
0.35
1.4
0.448275862068966
1
0.9
0.520833333333333
0.583333333333333
0.619047619047619
0.333333333333333
0.8
0.9
0.930232558139535
1.04166666666667
0.982142857142857
0.842105263157895
1.23076923076923
0.909090909090909
0.939393939393939
0.954545454545455
0.909090909090909
1.57894736842105
0.925925925925926
2.57894736842105
1.25
2
1.11111111111111
1.4
1.30434782608696
1.3
1.33333333333333
1.68421052631579
0.780487804878049
0.521739130434783
0.523809523809524
0.75
0.384615384615385
0.857142857142857
0.526315789473684
0.470588235294118
0.125
0.555555555555556
0.710526315789474
0.523809523809524
0.62962962962963
0.65
0.1
0.475409836065574
0.615384615384615
0.666666666666667
0.291666666666667
0.380952380952381
1.08333333333333
0.666666666666667
0.8
0.478260869565217
0.777777777777778
0.5
0.8
0.523809523809524
0.75
0.416666666666667
0.428571428571429
0.571428571428571
0.866666666666667
0.7
1
0.888888888888889
0.666666666666667
0.814814814814815
0.529411764705882
1
0.625
0.647058823529412
0.9
0.666666666666667
1
0.714285714285714
1.57142857142857
0.857142857142857
0.888888888888889
0.666666666666667
0.666666666666667
2
3.5
1.25
0.75
0.833333333333333
0.583333333333333
0.368421052631579
0.538461538461538
0.642857142857143
0.545454545454545
0.857142857142857
0.714285714285714
0.9375
0.421052631578947
0.526315789473684
0.636363636363636
1
0.583333333333333
0.5
0.363636363636364
0.4375
0.645161290322581
0.727272727272727
0.714285714285714
0.866666666666667
0.5
0.571428571428571
0.636363636363636
0.666666666666667
0.8
0.666666666666667
0.769230769230769
1
2
0.636363636363636
0.636363636363636
0.4
0.4
0.571428571428571
0.888888888888889
0.8
1
1
1
1
1
1
1
1
1
1
0.857142857142857
0.571428571428571
0.666666666666667
0.5
0.5
0.615384615384615
0.75
0.727272727272727
0.52
0.846153846153846
0.470588235294118
0.785714285714286
0.857142857142857
0.266666666666667
0.733333333333333
1
0.8
0.846153846153846
0.5
0.8
0.785714285714286
0.583333333333333
1
0.272727272727273
0.625
0.833333333333333
0.75
0.6
0.210526315789474
0.695652173913043
0.333333333333333
0.833333333333333
0.962962962962963
0.972222222222222
0.954545454545455
0.956521739130435
1.75
0.933333333333333
2.33333333333333
0.933333333333333
1.75
1.03703703703704
0.526315789473684
0.944444444444444
0.857142857142857
0.777777777777778
0.375
0.954545454545455
0.818181818181818
0.727272727272727
0.692307692307692
0.666666666666667
0.78125
0.681818181818182
0.766666666666667
0.75
0.657142857142857
0.719298245614035
0.941176470588235
0.357142857142857
0.583333333333333
0
1.28571428571429
0.888888888888889
0.833333333333333
0.6
0.828571428571429
0.666666666666667
0.772727272727273
0.916666666666667
0.7
0.538461538461538
0.5
0.444444444444444
0.756756756756757
0.619047619047619
0.96551724137931
0.743589743589744
0.526315789473684
1
1
0.55
0.7
0.444444444444444
1
0.5
0.807692307692308
0.666666666666667
0.666666666666667
0.875
0.4
0.714285714285714
0.25
0.583333333333333
0.444444444444444
0.75
0.666666666666667
0.882352941176471
0.552631578947368
0.567567567567568
0.604651162790698
0.473684210526316
0.4
0.241379310344828
0.8125
0.1
0
0.285714285714286
0.6
0.7
0.636363636363636
0.703703703703704
0.769230769230769
0.222222222222222
0.5
0.833333333333333
0.702127659574468
0.8
0.555555555555556
0.3125
0.857142857142857
0.733333333333333
0.619047619047619
0.4
0.533333333333333
0.633333333333333
0.526315789473684
0.545454545454545
0.571428571428571
0.384615384615385
0
0.111111111111111
0.666666666666667
0.7
1
1.1875
0.962962962962963
0.933333333333333
0.970588235294118
1
1.15384615384615
2.16666666666667
4.2
0.952380952380952
1.07692307692308
1.30769230769231
2.71428571428571
3.25
1.4375
0.923076923076923
0.896551724137931
0.909090909090909
0
1
0.6
0.8
0.766666666666667
0.4
0.842105263157895
0.8
0.884615384615385
1
0.91304347826087
0.666666666666667
0.833333333333333
0.925925925925926
0.857142857142857
0.857142857142857
0.9375
0.75
0.538461538461538
0.833333333333333
0.675675675675676
0.827586206896552
0.321428571428571
0.735294117647059
0.35
0.384615384615385
0.636363636363636
0.181818181818182
0.666666666666667
0.7
0.780487804878049
0.857142857142857
0.928571428571429
0.833333333333333
0.71875
0.730769230769231
0.716417910447761
0.785714285714286
1.11111111111111
0.3
0.833333333333333
0.444444444444444
1
0.76
0.888888888888889
0.533333333333333
0.767857142857143
0.666666666666667
0.642857142857143
0.6
0.833333333333333
0.96
1.63157894736842
2.73333333333333
1.11111111111111
0.941176470588235
0.967741935483871
1.72727272727273
1.30769230769231
7.5
0.9375
1
1
1
0.884615384615385
0.9
1.19047619047619
2.28571428571429
0.875
0.941176470588235
1
1
1.45454545454545
1.83333333333333
2.6
1
0.916666666666667
0.368421052631579
0.894736842105263
0.571428571428571
0.444444444444444
0.277777777777778
0.5
0.238095238095238
0.489795918367347
0.642857142857143
0.857142857142857
0.666666666666667
0.375
0.428571428571429
0.307692307692308
0.444444444444444
0.833333333333333
0.516129032258065
0.642857142857143
0.6
0.764705882352941
0.333333333333333
0.214285714285714
1
0.769230769230769
0.567567567567568
0.652777777777778
0.619047619047619
0.833333333333333
0.5
0.333333333333333
0.4
0.5
0.511111111111111
0.558823529411765
0.3
0.62962962962963
0.285714285714286
0.5
0.875
0.727272727272727
0.173913043478261
0.590909090909091
1
0.5
1
0.533333333333333
0.216216216216216
0.25
0.681818181818182
0.5
0.56
0.518518518518518
0.40625
0.125
0.444444444444444
0.586206896551724
0.304347826086957
0.5
0.463414634146341
0.764705882352941
0.5625
0.0714285714285714
0.529411764705882
0.708333333333333
0.5
0.294117647058824
0.821428571428571
0.5
0.833333333333333
0.733333333333333
0.613636363636364
0.476190476190476
0.8125
0.652173913043478
0.5625
1
0
0.75
0.666666666666667
0.294117647058824
0.973684210526316
0.92
0.9
0.933333333333333
0.964285714285714
6.5
1.9
1.35714285714286
2.5
1
1.5
0.925925925925926
1
0.92
1
1.04
0.782608695652174
0.68
0.875
0.666666666666667
0.735294117647059
1
1
