1
0.69811320754717
0.85
0.619047619047619
0.777777777777778
0.625
0.634146341463415
0.425
0.857142857142857
0.6
0.16
0.5
0.526315789473684
0.75
0.6
0.8125
0.695652173913043
0.708333333333333
0.352941176470588
0.511627906976744
0.518518518518518
0.25
1
0.567567567567568
0.423076923076923
0.7
0.736842105263158
0.533333333333333
0.833333333333333
0.780487804878049
0.555555555555556
0.483870967741935
0.517241379310345
0.657142857142857
0.235294117647059
0.769230769230769
0.692307692307692
0.727272727272727
0.04
0.714285714285714
0.6875
0.444444444444444
0.8
0.516129032258065
0.80952380952381
0.3
0.5
0.823529411764706
0.681818181818182
0.586206896551724
0.48
0.884615384615385
0.782608695652174
0.75
0.75
0.652173913043478
0.857142857142857
0.857142857142857
0.727272727272727
0.9
0.575
1.21739130434783
0.454545454545455
0.888888888888889
0.777777777777778
0.5625
0.475
0.645161290322581
0.826086956521739
0.692307692307692
0.375
0.8
0.72972972972973
0.45
0.84375
0.777777777777778
0.857142857142857
0.347826086956522
0.785714285714286
0.333333333333333
0.2
0.5
0.56
0.533333333333333
0.333333333333333
0.785714285714286
0.666666666666667
0.446808510638298
0.75
0.368421052631579
0.258064516129032
0.6875
0.62962962962963
0.411764705882353
0.285714285714286
0.583333333333333
0.5
0.722222222222222
0.818181818181818
0.68
0.555555555555556
0.555555555555556
0.736842105263158
0.714285714285714
0.652173913043478
0.529411764705882
0.545454545454545
0.684210526315789
0.7
0.91304347826087
0.68
0.368421052631579
0.620689655172414
0.555555555555556
0.3125
0.25
0.551724137931034
0.5
0.423076923076923
0.315789473684211
0.473684210526316
0.9
0.5
0.595238095238095
0.533333333333333
0.352941176470588
0.631578947368421
1.5
0.625
0.583333333333333
0.545454545454545
0.382352941176471
0.384615384615385
0.25
0.606060606060606
0.552631578947368
1
0.56
0.555555555555556
0.476190476190476
0.473684210526316
0.481481481481481
0.545454545454545
0.733333333333333
1
0.0666666666666667
0.75
0.36
0.866666666666667
0.875
0.666666666666667
0.35
0.714285714285714
0.541666666666667
1
1
1
1
1
1
0.5
1
0.5625
0.555555555555556
0.454545454545455
0.706896551724138
0.538461538461538
0.846153846153846
0.96
0.9
1
0.425
0.739130434782609
0.764705882352941
0.689655172413793
0.357142857142857
0.814285714285714
0.636363636363636
0.583333333333333
1
0.927272727272727
0.914285714285714
0.875
0.959183673469388
0.96875
0.935483870967742
1
0.932203389830508
1.16129032258065
0.978723404255319
0.60377358490566
1.5
0.377777777777778
0.7
0.5
0.333333333333333
0.375
0.666666666666667
0.444444444444444
0.482758620689655
0.384615384615385
0.705882352941177
0.517241379310345
0.733333333333333
0.777777777777778
0.555555555555556
0.592592592592593
0.166666666666667
0.2
0.375
0.6
0.565217391304348
0.857142857142857
0.5
0.833333333333333
0.333333333333333
0.730769230769231
0.5
0.6
0.714285714285714
0.673076923076923
0.5
1.31818181818182
1
0.488372093023256
0.666666666666667
0.533333333333333
0.592592592592593
0.428571428571429
0.2
0.423076923076923
0.363636363636364
0.75
0.4
0.5
0.566666666666667
1
0.875
0.1
0.454545454545455
0.4
0.941176470588235
0.341463414634146
0.548387096774194
0.545454545454545
0.34375
0.529411764705882
0.333333333333333
0.583333333333333
0.461538461538462
1.75
0.6
0.733333333333333
0.583333333333333
0.384615384615385
0.75
0.411764705882353
0.482758620689655
0.483870967741935
0.535714285714286
0.666666666666667
0.833333333333333
0.5
0.5
0.434782608695652
0.666666666666667
0.571428571428571
1
0.8
0.428571428571429
0.333333333333333
0.64
0.571428571428571
0.294117647058824
0.25
0.538461538461538
0.631578947368421
0.333333333333333
0.586206896551724
0.4
0.736842105263158
0.333333333333333
0.638297872340426
0.481481481481481
0.590909090909091
0.3
0.466666666666667
0.678571428571429
0.8
0.428571428571429
0.416666666666667
0.45
0.75
0.625
0.5
0.463414634146341
0.5
0.521739130434783
0.642857142857143
0.5
0.68
0.432432432432432
0.333333333333333
0.722222222222222
1
0.575757575757576
0.634615384615385
0.608108108108108
0.363636363636364
0.525641025641026
0.705882352941177
0.675675675675676
0.833333333333333
0.846153846153846
0.34375
0.681818181818182
0.555555555555556
0.5625
0.55
0.333333333333333
0.774193548387097
1.25
0.454545454545455
0.25
0.65
0.814814814814815
0.666666666666667
0.272727272727273
0.583333333333333
0.625
0.444444444444444
0.263157894736842
0.509433962264151
1
0.705882352941177
0.75
0.576923076923077
0.555555555555556
0.740740740740741
0.58974358974359
1.28571428571429
0.6875
0.421052631578947
0.65
0.391304347826087
0.391304347826087
0.454545454545455
0.513513513513513
0.625
0.384615384615385
0.771428571428571
0.8
0.473684210526316
0.85
0.375
0.675
0.60377358490566
0.761904761904762
0.909090909090909
0.51219512195122
0.555555555555556
0.714285714285714
0.740740740740741
0.857142857142857
0.846153846153846
0.526315789473684
0.666666666666667
0.678571428571429
0.7
0.538461538461538
0.444444444444444
0.478260869565217
0.666666666666667
0.444444444444444
0.7
0.5625
0.875
0.5
1
0.8
0.8
0.76
0.413793103448276
0.125
0.571428571428571
0.739130434782609
0.740740740740741
0.9
0.357142857142857
0.272727272727273
0.473684210526316
0.666666666666667
0.525
0.705882352941177
0.285714285714286
0.564102564102564
0.277777777777778
0.875
0.511627906976744
0.666666666666667
0.642857142857143
0.5
0.533333333333333
0.461538461538462
0.588235294117647
0.8
0.5
0.583333333333333
0.8
0.16
0.692307692307692
0.866666666666667
0.411764705882353
0.542372881355932
0.85
0.6
1
0.8125
0.5
0.69047619047619
0.703703703703704
0.78125
0.559322033898305
0.8
0.578947368421053
0.706896551724138
0.769230769230769
1.14285714285714
0.666666666666667
0.531914893617021
0.454545454545455
0.833333333333333
0.785714285714286
0.75
0.75
0.428571428571429
0.318181818181818
0.466666666666667
0.388888888888889
0.684210526315789
0.829787234042553
0.921052631578947
2.5
0.777777777777778
0.785714285714286
0.666666666666667
0.55
0.777777777777778
0.636363636363636
0.111111111111111
0.542857142857143
0.652173913043478
0.375
0.512820512820513
0.368421052631579
0.2
0.538461538461538
0.523809523809524
0.857142857142857
0.516129032258065
0.642857142857143
1
0.6
0.651162790697674
0.6875
0.611111111111111
0.75
0.5
0.717948717948718
0.703703703703704
0.5
0.647058823529412
0.333333333333333
0.571428571428571
0.304347826086957
0.642857142857143
0.541666666666667
0.538461538461538
0.5
0.476190476190476
0.25
0.588235294117647
0.67741935483871
0.523809523809524
0.866666666666667
0.58
0.8125
0.551020408163265
0.538461538461538
0.625
0.714285714285714
1
0.6875
0.714285714285714
0.571428571428571
0.705882352941177
1
0.6875
0.683544303797468
0.64
0.846153846153846
0.842105263157895
0.933333333333333
0.758620689655172
0.62962962962963
0.80952380952381
0.764705882352941
0.777777777777778
0.7
0.72972972972973
0.222222222222222
0.37037037037037
0.56
0.565217391304348
0.571428571428571
0.636363636363636
0.428571428571429
0.611111111111111
0.91304347826087
0.484848484848485
0.511627906976744
0.388888888888889
0.5
0.53125
0.65
0.4375
0.821428571428571
0.9375
0.775
0.65
0.310344827586207
0.75
0.569230769230769
0.540540540540541
0.868421052631579
0.393939393939394
0.363636363636364
0.5
0.272727272727273
0.379310344827586
1.0625
0.917525773195876
0.972222222222222
1.375
0.936507936507937
0.947368421052632
0.933333333333333
1.45454545454545
1.24
0.85
1.35714285714286
0.689655172413793
0.515151515151515
0.666666666666667
0.652173913043478
0.590909090909091
0.411764705882353
0.621621621621622
0.733333333333333
0.84
0.555555555555556
0.756756756756757
0.782608695652174
0.909090909090909
0.764705882352941
0.75
0.857142857142857
0.818181818181818
0.68695652173913
0.9
0.8
0.736842105263158
0.755555555555556
0.62962962962963
0.647058823529412
0.75
0.548387096774194
1.14285714285714
0.5
0.708333333333333
0.652173913043478
0.411764705882353
0.689655172413793
0.45
0.409090909090909
0.576923076923077
0.368421052631579
0.142857142857143
0.363636363636364
0.666666666666667
0.666666666666667
0.272727272727273
0.785714285714286
1.25
0.871794871794872
0.666666666666667
0.766666666666667
0.909090909090909
0.555555555555556
0.487179487179487
0.666666666666667
0.588235294117647
0.857142857142857
1.5
0.55
0.4
0.333333333333333
0.8125
0.533333333333333
0.7
0.285714285714286
0.25
0.48
0.66
0.857142857142857
0.444444444444444
0.591836734693878
0.933333333333333
0.48780487804878
0.567164179104478
0.653846153846154
0.5
0.625
0.384615384615385
0.44
0.641509433962264
0.222222222222222
0.75
1
0.709677419354839
0.577464788732394
0.62962962962963
0.526315789473684
0.428571428571429
0.714285714285714
0.551724137931034
0.111111111111111
0.277777777777778
0.540540540540541
1
0.611111111111111
0.529411764705882
1.11111111111111
0.523809523809524
0.459459459459459
1
0.409090909090909
0.814814814814815
0.76
0.620689655172414
1
0.733333333333333
0.478260869565217
0.689655172413793
0.545454545454545
0.567567567567568
0.661290322580645
0.739583333333333
0.545454545454545
0.622222222222222
0.484848484848485
0.767441860465116
0.789473684210526
0.428571428571429
0.4
0.260869565217391
0.538461538461538
0.647058823529412
0.416666666666667
0.615384615384615
0.526315789473684
0.625
0.461538461538462
0.647058823529412
0.333333333333333
0.818181818181818
0.714285714285714
0.964285714285714
0.96551724137931
0.9
0.916666666666667
0.833333333333333
0.933333333333333
1
0.869565217391304
0.722222222222222
1.21428571428571
0.846153846153846
0.8
0.807692307692308
0.588235294117647
0.428571428571429
0.75
0.6
0.777777777777778
0.764705882352941
0.933333333333333
0.735294117647059
0.516129032258065
0.529411764705882
0.75
0.731707317073171
0.86046511627907
0.8
0.88
1.125
0.787878787878788
0.681818181818182
0.853658536585366
0.833333333333333
0.476190476190476
0.5
0.615384615384615
0.75
0.727272727272727
0.263157894736842
0.645161290322581
0.421052631578947
1.07692307692308
0.5
0.566666666666667
0.111111111111111
0.625
0.62962962962963
0.363636363636364
0.347826086956522
0.269230769230769
0.545454545454545
0
0.75
0.476190476190476
0.551724137931034
0.64
0.75
0.5
0.4
0.419354838709677
0.357142857142857
0.65
1.2
0.5
0.444444444444444
0.444444444444444
0.125
0.473684210526316
0.45
0.590909090909091
0.5
0.363636363636364
0.631578947368421
0.6
0.791666666666667
0.352941176470588
0.181818181818182
0.475
0.673913043478261
0.75
0.487179487179487
0.448275862068966
0.333333333333333
0.666666666666667
0.541666666666667
0.578947368421053
0.730769230769231
0.35
0.741935483870968
0.476190476190476
0.674418604651163
0.611111111111111
0.730769230769231
0.558139534883721
0.788461538461538
0.666666666666667
0.857142857142857
0.62962962962963
0.541666666666667
0.833333333333333
1
0.794871794871795
0.612903225806452
1.86666666666667
0.894736842105263
0.944444444444444
1.66666666666667
1
1.4
1.36363636363636
0.90625
0.9375
0.916666666666667
0.863636363636364
1
1
0.142857142857143
0.545454545454545
0.545454545454545
0.666666666666667
0.633333333333333
0.548387096774194
0.3
0.384615384615385
0.785714285714286
0.736842105263158
0.25
0.863636363636364
4.08333333333333
1.2258064516129
1
2.6
3.2
2.25
2.85714285714286
0.956521739130435
1.42857142857143
1.17647058823529
0.954545454545455
0.944444444444444
16
0.944444444444444
0.947368421052632
1
0.966666666666667
1.05
0.933333333333333
0.75
0
0.428571428571429
0.666666666666667
0.615384615384615
0.4375
1
0
0.607142857142857
0.631578947368421
0.533333333333333
0.727272727272727
0.666666666666667
0.769230769230769
0.951219512195122
0.5625
0.666666666666667
0.476190476190476
0.791666666666667
0.5
1.07692307692308
1.8
1.46153846153846
0.75
0.55
0.666666666666667
0.781818181818182
0.7
0.75
0.625
1.61538461538462
0.793103448275862
0.407407407407407
0.444444444444444
0.8
0.533333333333333
0.515151515151515
0.655172413793103
0.733333333333333
0.846153846153846
0.72
0.75
0.4375
0.5
0.875
0.285714285714286
0.666666666666667
0.48936170212766
0.636363636363636
0.333333333333333
0.6875
0.285714285714286
0.666666666666667
0.586206896551724
0.37037037037037
0.620689655172414
0.866666666666667
0.571428571428571
0.846153846153846
0.5
0.307692307692308
0.694444444444444
0.586206896551724
0.384615384615385
0.3
0.611111111111111
0.142857142857143
0.545454545454545
0.636363636363636
1.11111111111111
0.933333333333333
0.836734693877551
0.470588235294118
1
0.735294117647059
0.8
0.928571428571429
1
0.9375
1
0.892857142857143
1.8
0.96
0.833333333333333
1.46153846153846
0.956521739130435
0.869565217391304
1.06666666666667
0.941176470588235
1.85714285714286
0.96969696969697
0.954545454545455
0.982456140350877
0.55
0.789473684210526
0.694444444444444
0.95
0.571428571428571
0.733333333333333
0.769230769230769
0.714285714285714
0.846153846153846
0.2
0.333333333333333
0.839285714285714
0.730769230769231
0.724137931034483
0.777777777777778
0.829268292682927
1
1
0.714285714285714
0.454545454545455
1
0.655172413793103
0.75
0.619047619047619
0.875
0.636363636363636
0.478260869565217
0.9375
0.875
0.64
0.645161290322581
0.470588235294118
0.7
0.555555555555556
0.947368421052632
0.333333333333333
0.5
1
0.743589743589744
0.666666666666667
0.727272727272727
0.769230769230769
0.736842105263158
1
1.85294117647059
1.375
0.333333333333333
1.41379310344828
1.625
1.3125
1
0.368421052631579
1.31818181818182
0.2
0
1.33333333333333
0.555555555555556
0.555555555555556
1
0.8
0.666666666666667
0.666666666666667
0.384615384615385
0.625
0.571428571428571
0.583333333333333
0
0.857142857142857
0.547169811320755
0.682926829268293
0.692307692307692
0.357142857142857
0.444444444444444
0.722222222222222
0.727272727272727
0.555555555555556
0.517241379310345
1
0.7
0.806451612903226
0.653846153846154
0.285714285714286
0.303030303030303
0.428571428571429
0.48
0.956521739130435
0.631578947368421
0.612903225806452
1.08695652173913
0.846153846153846
0.790697674418605
0.428571428571429
0.333333333333333
0.363636363636364
0.76056338028169
0.523809523809524
0.5
0.857142857142857
0.625
0.588235294117647
0.555555555555556
0.733333333333333
1
0.56
0.555555555555556
0.714285714285714
0.684210526315789
1
0.4
0.560975609756098
0.714285714285714
0.5
0.588235294117647
0.651515151515151
0.125
0.285714285714286
0.6875
0.692307692307692
0.604651162790698
0.65
0.567567567567568
0.5
0.0769230769230769
0.222222222222222
0.666666666666667
0.76
0.714285714285714
0.642857142857143
0.8
0.733333333333333
0.7
1.38888888888889
0.53448275862069
1.11111111111111
0.714285714285714
0.866666666666667
0.615384615384615
0.714285714285714
0.608695652173913
0.571428571428571
0.617647058823529
0.5
0.823529411764706
0.703703703703704
0.411764705882353
0
0.428571428571429
0.916666666666667
0.666666666666667
1.36363636363636
0.470588235294118
0.25
0.594594594594595
0.6875
0.571428571428571
1.11111111111111
0.736842105263158
0.375
0.72
0.538461538461538
0.708333333333333
0.727272727272727
0.555555555555556
0.67741935483871
0.235294117647059
0.375
0.727272727272727
0.75
0.777777777777778
0.923076923076923
0.5
0.461538461538462
0.619047619047619
2.3
1.53846153846154
1.23076923076923
1.35
1.66666666666667
1
1.22727272727273
0.91304347826087
0.904761904761905
0.91304347826087
1
1.05263157894737
1
1.08333333333333
2.47058823529412
0.978260869565217
1.3
0.9
0.974358974358974
0.954545454545455
2.4
0.916666666666667
0.958333333333333
0.9
1.91666666666667
0.944444444444444
1
1
1.16666666666667
0.740740740740741
1
0.818181818181818
0.75
0.902439024390244
0.571428571428571
1.15384615384615
0.4
0.818181818181818
0.714285714285714
0.634146341463415
0.833333333333333
0.5
0.9
1
0.444444444444444
0.6
0.1
0.7
0.875
0.56
0.375
0.5
0.909090909090909
0.541666666666667
0.571428571428571
0.645161290322581
0.769230769230769
0.826086956521739
0.588235294117647
0.888888888888889
0.666666666666667
0.5
1
0.571428571428571
0.857142857142857
0.944444444444444
1
1.6
0.892857142857143
0.923076923076923
1.25
0.85
0.96551724137931
1
2.36363636363636
1.44444444444444
2.4
3.4
0.91304347826087
1
1.46153846153846
4.22222222222222
1
5
5.9
0.977777777777778
0.923076923076923
1
0.875
0.90625
0.8
0.5
0.526315789473684
1
0.689655172413793
0.35
0.84375
0.75
0.692307692307692
0.555555555555556
1.05
0.888888888888889
0.6
0.6
0.238095238095238
0.5
0.6
0.634146341463415
0.620689655172414
0.697674418604651
0.777777777777778
0.65
0.8
0.882352941176471
0.6875
0.315789473684211
0.647058823529412
0.931034482758621
0.583333333333333
0.513513513513513
0.529411764705882
0.684210526315789
0.75
0.333333333333333
0.71875
0.607142857142857
0.357142857142857
0.3
0.5
0.689655172413793
1.27777777777778
1.26315789473684
0.5
0.772727272727273
0.85
0.717948717948718
1
0.65
0.5625
0.785714285714286
0.6
0.4
0.473684210526316
0.609756097560976
0.333333333333333
0.3
0.578947368421053
0.111111111111111
0.4375
0.684210526315789
0.5
0.826086956521739
0.766666666666667
0.692307692307692
0.894736842105263
0.67741935483871
0.0769230769230769
0
0.760869565217391
0.696969696969697
0.696969696969697
0.4
0.4375
0.75
0.631578947368421
3.3
1
0.6875
0
0.857142857142857
2
1.07692307692308
1.54545454545455
0.91304347826087
0.916666666666667
0.964285714285714
0.961538461538462
0.928571428571429
0.933333333333333
0.914893617021277
0.607843137254902
1.25
0.5625
0.833333333333333
0.882352941176471
0.444444444444444
1
0.428571428571429
0.6
0.695652173913043
0.545454545454545
0.923076923076923
0.763157894736842
0.583333333333333
0.833333333333333
0.666666666666667
0.419354838709677
0.551724137931034
0.617647058823529
0.478260869565217
0.689655172413793
0.52
0.318181818181818
0.5625
0.7
0.444444444444444
0.709677419354839
0.655172413793103
1.16666666666667
0.444444444444444
0.789473684210526
0.6
0.333333333333333
0.428571428571429
0.620689655172414
0.741935483870968
0.542857142857143
0.766666666666667
0.333333333333333
0.85
0.92
0.772727272727273
0.357142857142857
0.842105263157895
0.555555555555556
0.476190476190476
0.5625
0.708333333333333
0.661016949152542
0.692307692307692
0.625
0.555555555555556
0.636363636363636
0.8
0.666666666666667
0.772727272727273
0.625
0.35
1
0.517241379310345
0.727272727272727
0.75
0.666666666666667
0.458333333333333
0.619047619047619
0.166666666666667
0.8
0.9
0.953488372093023
0.916666666666667
0.946428571428571
0.842105263157895
1.30769230769231
0.886363636363636
0.939393939393939
0.909090909090909
0.909090909090909
1.42105263157895
0.925925925925926
2.63157894736842
1.5625
1.85714285714286
1.11111111111111
1.33333333333333
1.30434782608696
1
1.3030303030303
1.42105263157895
0.829268292682927
0.652173913043478
0.523809523809524
0.833333333333333
0.230769230769231
0.857142857142857
0.526315789473684
0.470588235294118
0.125
0.527777777777778
0.736842105263158
0.476190476190476
0.592592592592593
0.65
0.1
0.475409836065574
0.615384615384615
0.666666666666667
0.333333333333333
0.380952380952381
1.08333333333333
0.666666666666667
0.8
0.521739130434783
0.777777777777778
0.5
0.6
0.571428571428571
0.722222222222222
0.333333333333333
0.380952380952381
0.571428571428571
0.733333333333333
0.666666666666667
1
0.888888888888889
0.666666666666667
0.740740740740741
0.470588235294118
1
0.625
0.470588235294118
0.55
0.166666666666667
0.857142857142857
0.714285714285714
1.14285714285714
0.857142857142857
0.888888888888889
0.166666666666667
0.833333333333333
2
3.5
1.25
0.875
0.833333333333333
0.625
0.368421052631579
0.692307692307692
0.642857142857143
0.545454545454545
0.857142857142857
0.642857142857143
0.875
0.631578947368421
0.736842105263158
0.818181818181818
1
0.583333333333333
0.5
0.545454545454545
0.4375
0.645161290322581
0.727272727272727
0.80952380952381
0.866666666666667
0.5
0.714285714285714
0.545454545454545
0.666666666666667
0.8
0.777777777777778
0.769230769230769
0.333333333333333
2
0.727272727272727
0.636363636363636
0.4
0.4
0.523809523809524
0.944444444444444
0.685714285714286
1
1
1
1
1
1
1
1
1
1
0.714285714285714
0.428571428571429
0.555555555555556
0.5
0.444444444444444
0.653846153846154
0.75
0.727272727272727
0.56
0.769230769230769
0.588235294117647
0.785714285714286
0.857142857142857
0.266666666666667
0.733333333333333
0.888888888888889
0.8
0.923076923076923
0.55
0.7
0.857142857142857
0.666666666666667
1
0.363636363636364
0.5625
1
0.75
0.733333333333333
0.263157894736842
0.695652173913043
0.533333333333333
0.666666666666667
0.962962962962963
0.972222222222222
0.909090909090909
0.956521739130435
1.75
0.955555555555556
2.46666666666667
1
1.75
0.925925925925926
0.526315789473684
0.888888888888889
0.571428571428571
0.666666666666667
0.5
0.954545454545455
0.772727272727273
0.590909090909091
0.923076923076923
0.733333333333333
0.8125
0.681818181818182
0.766666666666667
0.767857142857143
0.685714285714286
1.14035087719298
0.823529411764706
0.571428571428571
0.583333333333333
0
1.42857142857143
0.888888888888889
0.833333333333333
0.6
0.714285714285714
0.888888888888889
0.863636363636364
0.916666666666667
0.7
0.538461538461538
0.5
0.407407407407407
0.756756756756757
0.523809523809524
0.96551724137931
0.769230769230769
0.526315789473684
1
0
0.45
0.5
0.611111111111111
0.5
0.555555555555556
0.884615384615385
0.4
0.666666666666667
0.875
0.4
0.785714285714286
0.375
0.611111111111111
0.555555555555556
0.5
0.611111111111111
0.882352941176471
0.526315789473684
0.567567567567568
0.511627906976744
0.631578947368421
0.466666666666667
0.206896551724138
0.5
0.2
0.142857142857143
0.238095238095238
0.52
0.525
0.681818181818182
0.666666666666667
0.769230769230769
0.222222222222222
0.375
0.833333333333333
0.680851063829787
0.84
0.666666666666667
0.25
0.857142857142857
0.666666666666667
0.619047619047619
0.4
0.466666666666667
0.766666666666667
0.526315789473684
0.515151515151515
0.642857142857143
0.230769230769231
0
0.333333333333333
1
0.7375
1
1.125
0.944444444444444
0.866666666666667
0.970588235294118
1
1.23076923076923
2.16666666666667
4.2
0.952380952380952
1
1.30769230769231
2.71428571428571
3.25
1.3125
0.923076923076923
0.896551724137931
0.909090909090909
0
1.07692307692308
0.55
0.6
0.9
0.2
0.842105263157895
0.933333333333333
0.807692307692308
1
0.869565217391304
0.694444444444444
0.875
0.925925925925926
0.857142857142857
0.857142857142857
1
0.75
0.692307692307692
0.833333333333333
0.837837837837838
0.793103448275862
0.392857142857143
0.764705882352941
0.35
0.230769230769231
0.727272727272727
0.181818181818182
0.666666666666667
0.6
0.682926829268293
0.714285714285714
0.714285714285714
0.833333333333333
0.78125
0.769230769230769
0.641791044776119
0.642857142857143
1.11111111111111
0.3
0.5
0.5
0.75
0.64
0.666666666666667
0.533333333333333
0.821428571428571
0.666666666666667
0.571428571428571
0.6
0.833333333333333
0.96
1.73684210526316
2.8
1.05555555555556
0.882352941176471
0.967741935483871
1.63636363636364
1.53846153846154
6.5
0.9375
1
0.928571428571429
0.975
0.846153846153846
0.9
1.57142857142857
2.28571428571429
0.875
0.941176470588235
1
1.18181818181818
1.54545454545455
1.83333333333333
2.6
1
0.833333333333333
0.526315789473684
1.52631578947368
1.14285714285714
0.888888888888889
1.27777777777778
1
1.23809523809524
0.836734693877551
1.57142857142857
1.9047619047619
1.5
0.375
0.571428571428571
0.307692307692308
0.444444444444444
0.833333333333333
0.612903225806452
0.464285714285714
0.6
0.470588235294118
0.285714285714286
0.214285714285714
1
0.653846153846154
0.702702702702703
0.722222222222222
0.666666666666667
0.833333333333333
0.375
0.333333333333333
0.466666666666667
0.615384615384615
0.555555555555556
0.558823529411765
0.2
0.481481481481481
0.285714285714286
0.5
0.75
0.681818181818182
0.217391304347826
0.590909090909091
1
0.5
1.1
0.266666666666667
0.243243243243243
0.25
0.545454545454545
0.466666666666667
0.56
0.5
0.53125
0.125
0.444444444444444
0.724137931034483
0.478260869565217
0.125
0.51219512195122
0.764705882352941
0.5625
0.285714285714286
0.411764705882353
0.75
0.4
0.352941176470588
0.785714285714286
0.5
0.833333333333333
0.633333333333333
0.75
0.571428571428571
0.875
0.608695652173913
0.5625
1
0.5
0.85
0.666666666666667
0.588235294117647
1
0.94
0.95
0.933333333333333
0.928571428571429
5.875
1.7
1.42857142857143
2.375
1
1.83333333333333
0.962962962962963
0.941176470588235
0.96
1
1.04
0.869565217391304
0.68
0.8125
0.666666666666667
0.735294117647059
1
1
