1
0.792452830188679
0.925
0.714285714285714
0.925925925925926
0.791666666666667
0.780487804878049
0.675
0.771428571428571
0.7
0.44
0.5
0.526315789473684
0.416666666666667
2.2
0.625
0.869565217391304
0.791666666666667
0.764705882352941
0.86046511627907
0.481481481481481
0.45
0.166666666666667
0.513513513513513
0.596153846153846
0.466666666666667
0.736842105263158
0.533333333333333
0.6
0.658536585365854
0.444444444444444
0.548387096774194
0.379310344827586
0.685714285714286
0.411764705882353
0.692307692307692
0.5
0.909090909090909
0.16
0.571428571428571
0.875
0.888888888888889
0.9
0.935483870967742
0.904761904761905
0.9
1.5625
0.882352941176471
0.909090909090909
0.931034482758621
0.72
0.653846153846154
0.434782608695652
1
0.625
0.782608695652174
0.742857142857143
0.642857142857143
0.5
0.75
0.7
1.73913043478261
0.272727272727273
0.888888888888889
0.888888888888889
0.6875
0.6
0.741935483870968
1.34782608695652
1.23076923076923
0.375
0.6
0.702702702702703
0.25
0.65625
0.62962962962963
0.857142857142857
0.260869565217391
0.714285714285714
0.666666666666667
0.2
0.6875
0.6
0.733333333333333
0.611111111111111
0.714285714285714
0.5
0.382978723404255
0.5
0.210526315789474
0.451612903225806
0.625
0.740740740740741
0.441176470588235
0.857142857142857
0.666666666666667
0.5
0.888888888888889
0.696969696969697
0.6
0.666666666666667
0.666666666666667
0.578947368421053
1.14285714285714
0.760869565217391
0.705882352941177
0.727272727272727
0.473684210526316
0.85
0.869565217391304
0.88
0.526315789473684
0.586206896551724
0.555555555555556
0.8125
0.541666666666667
0.517241379310345
0.3125
0.615384615384615
0.578947368421053
0.789473684210526
0.9
0.5
0.785714285714286
0.733333333333333
0.676470588235294
0.526315789473684
1
0.75
0.833333333333333
0.818181818181818
0.852941176470588
0.461538461538462
0.666666666666667
0.696969696969697
0.710526315789474
1
0.68
0.722222222222222
0.714285714285714
0.368421052631579
0.481481481481481
0.515151515151515
0.444444444444444
1.25
0.266666666666667
0.375
0.4
0.666666666666667
0.9375
0.185185185185185
0.3
0.714285714285714
0.583333333333333
0.857142857142857
0.533333333333333
0.478260869565217
0.285714285714286
0.545454545454545
0.857142857142857
0.346153846153846
0.222222222222222
0.25
0.222222222222222
0.272727272727273
0.620689655172414
0.692307692307692
0.538461538461538
0.72
0.5
0.666666666666667
0.7
0.652173913043478
0.5
0.413793103448276
0.357142857142857
0.6
0.545454545454545
0.625
0.4
0.818181818181818
0.8
0.75
0.755102040816326
0.75
0.741935483870968
0.391304347826087
0.661016949152542
0.741935483870968
0.702127659574468
0.811320754716981
2
0.711111111111111
0.85
0.7
0.222222222222222
0.666666666666667
1
0.666666666666667
0.586206896551724
0.461538461538462
0.529411764705882
0.586206896551724
0.266666666666667
0.666666666666667
0.666666666666667
0.481481481481481
0.666666666666667
0.333333333333333
0.3125
0.8
0.608695652173913
0.571428571428571
0.541666666666667
0.166666666666667
0.476190476190476
0.730769230769231
0.583333333333333
0.8
0.714285714285714
0.480769230769231
0.681818181818182
1
0.692307692307692
0.569767441860465
0.833333333333333
0.533333333333333
0.703703703703704
0.535714285714286
0.4
0.769230769230769
0.409090909090909
0.4375
0.5
0.416666666666667
0.5
0.375
1.5
0.4
0.590909090909091
0.8
1.35294117647059
0.634146341463415
1.09677419354839
1
0.90625
0.941176470588235
0.583333333333333
1.02777777777778
0.730769230769231
0.5
0.866666666666667
0.8
0.472222222222222
0.384615384615385
0.666666666666667
0.352941176470588
0.551724137931034
0.451612903225806
0.571428571428571
0.754385964912281
1
0.6875
0.818181818181818
0.608695652173913
0.888888888888889
0.607142857142857
0.5
0.933333333333333
0.571428571428571
0.666666666666667
0.92
0.928571428571429
0.647058823529412
0.4375
0.769230769230769
0.578947368421053
0
0.689655172413793
0.866666666666667
0.763157894736842
0.541666666666667
0.468085106382979
0.592592592592593
0.681818181818182
0.6
0.466666666666667
0.571428571428571
0.7
0.5
0.611111111111111
0.65
0.75
0.75
0.625
0.51219512195122
0.8125
0.521739130434783
0.642857142857143
0.3
0.74
0.594594594594595
1.33333333333333
0.5
0.9
0.818181818181818
0.711538461538462
0.540540540540541
0.636363636363636
0.423076923076923
0.549019607843137
0.675675675675676
0.833333333333333
0.884615384615385
0.53125
0.772727272727273
0.666666666666667
0.53125
0.3
0.444444444444444
0.645161290322581
1.5
0.863636363636364
0.583333333333333
0.8
0.703703703703704
0.62962962962963
0.636363636363636
0.625
0.625
0.666666666666667
0.315789473684211
0.622641509433962
1.75
0.647058823529412
0.571428571428571
0.653846153846154
0.833333333333333
0.407407407407407
0.538461538461538
1
0.5
0.842105263157895
0.7
0.652173913043478
0.695652173913043
0.909090909090909
0.783783783783784
0.791666666666667
0.717948717948718
0.457142857142857
0.55
0.526315789473684
0.8
0.125
0.475
0.528301886792453
0.619047619047619
0.772727272727273
0.463414634146341
0.592592592592593
1
0.481481481481481
0.714285714285714
0.769230769230769
0.631578947368421
0.666666666666667
0.75
1.05
0.846153846153846
0.388888888888889
0.543478260869565
0.2
0
0.9
0.1875
0.541666666666667
0.4375
1.57142857142857
0.75
0.533333333333333
0.28
0.431034482758621
0.5
0.571428571428571
0.652173913043478
0.592592592592593
1.1
0.428571428571429
0.363636363636364
0.315789473684211
0.666666666666667
0.7
0.705882352941177
0.5
0.666666666666667
0.222222222222222
0.5
0.372093023255814
0.444444444444444
0.285714285714286
0.666666666666667
0.8
0.692307692307692
0.352941176470588
0.733333333333333
0.416666666666667
0.291666666666667
0.7
0.24
0.769230769230769
1.13333333333333
1.05882352941176
0.779661016949153
0.75
0.4
0.875
0.9375
0.75
1
1
1.09375
0.88135593220339
0.966666666666667
1.10526315789474
0.913793103448276
0.961538461538462
0.904761904761905
0.933333333333333
0.936170212765957
0.636363636363636
1
0.928571428571429
1.25
1
0.571428571428571
0.545454545454545
0.533333333333333
0.611111111111111
0.631578947368421
0.680851063829787
0.947368421052632
1.25
0.722222222222222
0.785714285714286
1
0.925
0.666666666666667
0.545454545454545
0.333333333333333
0.657142857142857
0.434782608695652
0.625
0.666666666666667
0.473684210526316
0.6
0.884615384615385
0.714285714285714
0.714285714285714
0.32258064516129
0.5
0.875
0.55
0.697674418604651
1
0.777777777777778
0.6
0.166666666666667
0.769230769230769
0.518518518518518
0.5
0.588235294117647
0.333333333333333
0.642857142857143
0.391304347826087
0.714285714285714
0.666666666666667
0.923076923076923
1.33333333333333
0.714285714285714
0.428571428571429
0.411764705882353
0.258064516129032
0.714285714285714
0.6
0.58
0.4375
0.469387755102041
0.461538461538462
0.6
1.04761904761905
0.5
0.6875
0.642857142857143
0.238095238095238
0.735294117647059
0.846153846153846
0.46875
0.544303797468354
0.44
0.923076923076923
0.725146198830409
0.8
0.586206896551724
0.666666666666667
1.07142857142857
0.882352941176471
1.07407407407407
0.8
0.756756756756757
0.5
0.62962962962963
0.72
0.695652173913043
0.571428571428571
0.636363636363636
0.666666666666667
0.666666666666667
0.869565217391304
0.666666666666667
0.558139534883721
0.388888888888889
0.214285714285714
0.484375
0.633333333333333
0.4375
0.714285714285714
0.6875
0.775
0.616666666666667
0.413793103448276
1
0.569230769230769
0.540540540540541
0.526315789473684
0.545454545454545
0.818181818181818
0.611111111111111
0.272727272727273
0.482758620689655
0.25
0.494845360824742
0.444444444444444
0.625
0.46031746031746
0.473684210526316
0.533333333333333
0.727272727272727
0.56
0.55
0.857142857142857
0.827586206896552
0.606060606060606
0.428571428571429
0.347826086956522
0.818181818181818
0.352941176470588
0.594594594594595
0.866666666666667
0.52
0.611111111111111
0.594594594594595
0.347826086956522
0.787878787878788
0.529411764705882
0.6625
0.642857142857143
0.454545454545455
0.626086956521739
0.2
0.72
0.421052631578947
0.8
0.444444444444444
0.411764705882353
0.416666666666667
0.516129032258065
1.28571428571429
0.6875
0.625
0.826086956521739
0.705882352941177
0.517241379310345
0.45
0.545454545454545
0.692307692307692
0.473684210526316
0.285714285714286
0.272727272727273
0.0666666666666667
0.7
0.545454545454545
0.357142857142857
0.875
0.769230769230769
0.518518518518518
0.8
0.727272727272727
0.666666666666667
0.692307692307692
0.6
0.529411764705882
0.857142857142857
1.33333333333333
0.6
0.666666666666667
0.416666666666667
0.75
0.7
0.5
0.285714285714286
0.416666666666667
0.72
0.7
0.666666666666667
0.666666666666667
0.653061224489796
0.666666666666667
0.536585365853659
0.626865671641791
0.615384615384615
0.5
0.65
0.769230769230769
0.64
0.641509433962264
0.416666666666667
1
0.5
0.580645161290323
0.774647887323944
0.851851851851852
0.631578947368421
1
0.714285714285714
1.06896551724138
0.388888888888889
0.555555555555556
0.756756756756757
0.882352941176471
0.472222222222222
0.705882352941177
1
0.952380952380952
0.567567567567568
0.666666666666667
0.318181818181818
0.555555555555556
0.84
0.586206896551724
1
0.8
0.608695652173913
0.724137931034483
0.636363636363636
0.783783783783784
0.67741935483871
0.802083333333333
0.636363636363636
0.711111111111111
0.636363636363636
0.627906976744186
0.447368421052632
0.464285714285714
0.8
0.565217391304348
0.461538461538462
0.470588235294118
0.333333333333333
0.230769230769231
0.526315789473684
0.375
0.346153846153846
0.529411764705882
0.5
0.545454545454545
0.571428571428571
0.714285714285714
0.517241379310345
0.566666666666667
0.625
0.416666666666667
0.266666666666667
0.363636363636364
0.478260869565217
0.555555555555556
0.714285714285714
0.615384615384615
0.52
0.615384615384615
0.764705882352941
0.714285714285714
0.65625
0.6
0.666666666666667
0.882352941176471
0.733333333333333
0.470588235294118
0.774193548387097
0.823529411764706
0.3
0.341463414634146
0.744186046511628
0.6
0.6
0.625
0.454545454545455
0.318181818181818
0.682926829268293
0.375
0.523809523809524
0.5
0.384615384615385
0.875
0.636363636363636
0.368421052631579
0.612903225806452
0.684210526315789
0.730769230769231
0.694444444444444
0.433333333333333
0.111111111111111
0.25
0.851851851851852
0.818181818181818
0.347826086956522
0.538461538461538
0.772727272727273
0.307692307692308
0.916666666666667
0.380952380952381
0.620689655172414
0.56
0.875
0
0.3
0.67741935483871
0.571428571428571
0.5
0.6
0.5625
0.333333333333333
0.777777777777778
0.375
0.684210526315789
0.6
0.636363636363636
0.7
0.636363636363636
0.684210526315789
0.8
0.625
0.117647058823529
1.45454545454545
0.8
0.869565217391304
0.583333333333333
0.641025641025641
1.13793103448276
1.77777777777778
0.833333333333333
0.666666666666667
0.921052631578947
1.26923076923077
0.7
1.12903225806452
0.761904761904762
0.86046511627907
0.944444444444444
1.03846153846154
0.488372093023256
0.923076923076923
0.333333333333333
0.857142857142857
0.814814814814815
0.583333333333333
0.416666666666667
1
0.743589743589744
0.516129032258065
1.6
0.894736842105263
0.888888888888889
1.5
1
1.46666666666667
1.45454545454545
0.875
0.9375
1
0.909090909090909
1
1
0.5
0.712121212121212
0.757575757575758
0.694444444444444
0.833333333333333
0.548387096774194
1.1
0.576923076923077
0.571428571428571
0.631578947368421
0.428571428571429
0.909090909090909
4.08333333333333
1.16129032258065
1
2.4
2.8
2.5
3
0.91304347826087
1
0.941176470588235
0.977272727272727
0.888888888888889
14
0.944444444444444
1
1
0.966666666666667
0.95
0.933333333333333
0.875
0.333333333333333
0.476190476190476
0.777777777777778
0.576923076923077
0.5625
0.5
0
0.75
0.947368421052632
0.733333333333333
0.772727272727273
0.416666666666667
0.384615384615385
0.878048780487805
0.625
0.5
0.380952380952381
0.666666666666667
0.3125
0.884615384615385
3.2
1.30769230769231
1.25
0.475
0
0.8
0.6
0.714285714285714
0.625
1.23076923076923
0.655172413793103
0.481481481481481
0.666666666666667
0.8
0.666666666666667
1.09090909090909
0.620689655172414
1.13333333333333
0.846153846153846
0.64
0.75
0.416666666666667
0.2
0.9375
0.571428571428571
0.666666666666667
0.659574468085106
0.818181818181818
0.333333333333333
0.5625
0.428571428571429
0.666666666666667
0.758620689655172
0.814814814814815
0.896551724137931
0.733333333333333
0.714285714285714
1
0.625
0.692307692307692
0.694444444444444
0.586206896551724
0.384615384615385
0.533333333333333
0.611111111111111
0.142857142857143
0.636363636363636
0.181818181818182
0.777777777777778
0.933333333333333
0.63265306122449
0.588235294117647
0.769230769230769
0.794117647058823
0.64
0.714285714285714
0.933333333333333
0.9375
0.958333333333333
0.892857142857143
1.8
0.96
1
1.69230769230769
1.04347826086957
1
1.33333333333333
0.941176470588235
2.14285714285714
0.939393939393939
1
0.947368421052632
0.85
0.578947368421053
0.638888888888889
0.8
0.785714285714286
0.8
0.538461538461538
0.619047619047619
0.769230769230769
0.2
0.333333333333333
0.535714285714286
0.576923076923077
0.724137931034483
0.444444444444444
0.878048780487805
1
1
0.571428571428571
0.636363636363636
0.578947368421053
0.241379310344828
0.833333333333333
0.761904761904762
1
0.681818181818182
0.434782608695652
1.1875
0.8125
0.626666666666667
0.645161290322581
0.529411764705882
0.733333333333333
0.5
0.526315789473684
0.333333333333333
0.3125
1
0.82051282051282
0.333333333333333
1
0.769230769230769
0.684210526315789
1
1.14705882352941
0.875
0.333333333333333
0.758620689655172
0.958333333333333
0.875
0.73972602739726
0.473684210526316
0.636363636363636
0.133333333333333
0.333333333333333
0.166666666666667
0.555555555555556
0.666666666666667
0.714285714285714
1
0.666666666666667
0.888888888888889
0.576923076923077
0.625
0.619047619047619
0.541666666666667
0
0.428571428571429
0.584905660377358
0.707317073170732
0.692307692307692
0.285714285714286
0.5
0.333333333333333
0.772727272727273
0.777777777777778
0.482758620689655
1
0.7
0.612903225806452
0.807692307692308
0.285714285714286
0.454545454545455
1.28571428571429
0.56
0.91304347826087
0.684210526315789
0.580645161290323
0.826086956521739
0.769230769230769
0.744186046511628
1
0.333333333333333
0.636363636363636
0.859154929577465
0.904761904761905
3.5
0.642857142857143
0.625
0.470588235294118
0.777777777777778
1
1
0.68
0.666666666666667
0.714285714285714
0.684210526315789
0.857142857142857
0.4
0.414634146341463
0.821428571428571
0.45
0.558823529411765
0.696969696969697
0.625
1
0.75
0.769230769230769
0.767441860465116
0.7
0.675675675675676
0.875
0.615384615384615
0.777777777777778
0.666666666666667
0.64
0.761904761904762
0.857142857142857
0.8
0.733333333333333
0.6
0.611111111111111
1
0.555555555555556
0.607142857142857
0.4
0.153846153846154
0.714285714285714
0.695652173913043
0.428571428571429
0.558823529411765
0.5
0.647058823529412
0.62962962962963
0.235294117647059
0.714285714285714
0.5
1
0.833333333333333
0.818181818181818
0.823529411764706
0.25
0.594594594594595
0.8125
1
0.666666666666667
0.736842105263158
0.791666666666667
0.72
0.692307692307692
0.833333333333333
0.636363636363636
0.777777777777778
0.838709677419355
0.764705882352941
0.875
1.36363636363636
0.25
0.777777777777778
1
0.666666666666667
1.23076923076923
1
2.2
1.73076923076923
1.38461538461538
1.65
2.11111111111111
1.29411764705882
2.13636363636364
0.869565217391304
1.0952380952381
0.956521739130435
1.16666666666667
1.10526315789474
1
0.916666666666667
2
0.978260869565217
1.05
0.95
0.897435897435897
0.954545454545455
2.4
0.916666666666667
0.9375
0.95
1.83333333333333
0.888888888888889
1.07692307692308
0.944444444444444
1.38888888888889
0.592592592592593
0.7
0.818181818181818
0.75
0.75609756097561
0.761904761904762
0.769230769230769
0.6
0.787878787878788
0.714285714285714
0.634146341463415
0.611111111111111
0.5
0.8
0.75
0.666666666666667
0.35
0.1
0
0
0.44
0.625
0.833333333333333
0.909090909090909
0.75
0.571428571428571
0.774193548387097
0.692307692307692
0.869565217391304
0.588235294117647
0.888888888888889
0.666666666666667
0.607142857142857
1
0.6
0.571428571428571
0.944444444444444
0.952380952380952
1.3
0.892857142857143
0.923076923076923
1.19444444444444
0.8
0.96551724137931
0.982142857142857
1.63636363636364
0.888888888888889
2.4
3.2
0.869565217391304
1.5
0.923076923076923
3.66666666666667
1
2.66666666666667
3.2
0.955555555555556
0.923076923076923
1
1
0.96875
1.4
0.5
0.315789473684211
0.25
0.620689655172414
0.6
0.71875
0.625
0.615384615384615
0.777777777777778
0.9
0.777777777777778
0.55
0.7
0.666666666666667
0.85
0.766666666666667
0.536585365853659
0.689655172413793
0.674418604651163
0.822222222222222
0.666666666666667
0.9
0.823529411764706
0.6875
0.578947368421053
0.529411764705882
0.862068965517241
0.583333333333333
0.648648648648649
0.5
0.736842105263158
0.5
0.333333333333333
0.59375
0.642857142857143
0.5
0.1
0.333333333333333
0.551724137931034
0.611111111111111
0.631578947368421
0.5
0.545454545454545
0.7
0.487179487179487
0.80952380952381
0.35
0.6875
0.392857142857143
0.8
0.6
0.526315789473684
0.560975609756098
0.611111111111111
0.3
0.894736842105263
0.111111111111111
0.5
0.473684210526316
0.75
0.782608695652174
0.766666666666667
0.307692307692308
0.736842105263158
0.580645161290323
0.230769230769231
1.66666666666667
0.695652173913043
0.878787878787879
0.727272727272727
0.6
0.8125
0.25
0.105263157894737
0.4
0.571428571428571
0.75
1
0.928571428571429
0.5
0.58974358974359
0.545454545454545
0.434782608695652
0.583333333333333
0.392857142857143
0.269230769230769
0.357142857142857
0.5
0.51063829787234
0.568627450980392
0.75
0.625
0.666666666666667
0.764705882352941
0.555555555555556
0.466666666666667
0.357142857142857
0.8
0.478260869565217
0.636363636363636
0.230769230769231
0.842105263157895
0.527777777777778
0.666666666666667
0.523809523809524
0.774193548387097
0.793103448275862
0.794117647058823
0.652173913043478
0.793103448275862
0.72
0.727272727272727
0.625
0.766666666666667
0.555555555555556
0.806451612903226
0.672413793103448
0.888888888888889
0.777777777777778
0.368421052631579
0.7
0.611111111111111
0.285714285714286
0.758620689655172
0.580645161290323
0.457142857142857
0.8
0.416666666666667
0.65
0.64
0.545454545454545
0.5
0.684210526315789
0.611111111111111
0.238095238095238
0.5
0.541666666666667
0.677966101694915
0.615384615384615
0.541666666666667
0.488888888888889
0.272727272727273
0.666666666666667
0.575757575757576
0.363636363636364
0.5625
0.25
1.2
0.482758620689655
0.909090909090909
1
0.9375
0.916666666666667
1
0.944444444444444
0.95
0.866666666666667
0.976744186046512
0.916666666666667
0.946428571428571
0.842105263157895
1.61538461538462
0.863636363636364
0.96969696969697
0.909090909090909
0.909090909090909
1.36842105263158
0.888888888888889
2.26315789473684
3.75
3.66666666666667
2.22222222222222
3.2
1.8695652173913
2
2.57575757575758
3.68421052631579
0.853658536585366
1.56521739130435
0.714285714285714
0.75
0.538461538461538
0.785714285714286
0.526315789473684
0.647058823529412
0.4375
0.472222222222222
0.763157894736842
0.285714285714286
0.592592592592593
1.15
0.5
0.901639344262295
0.846153846153846
0.833333333333333
0.833333333333333
1
1.66666666666667
1.41666666666667
0.9
0.521739130434783
0.666666666666667
0.25
0.5
0.761904761904762
0.583333333333333
0.25
0.428571428571429
0.673469387755102
0.6
0.766666666666667
1
0.925925925925926
0.833333333333333
0.777777777777778
0.647058823529412
0.518518518518518
0.5
0.882352941176471
0.75
0.666666666666667
0.857142857142857
1
0.857142857142857
1
1.11111111111111
0.666666666666667
0.833333333333333
2
3
1.5
0.875
0.5
0.5
0.789473684210526
0.538461538461538
0.5
0.772727272727273
1
0.785714285714286
1.0625
0.684210526315789
0.789473684210526
0.545454545454545
1
0.666666666666667
0.388888888888889
0.636363636363636
0.4375
0.451612903225806
0.545454545454545
0.571428571428571
0.6
0.5
0.428571428571429
0.636363636363636
0.619047619047619
0.5
0.555555555555556
0.692307692307692
0.333333333333333
1
0.909090909090909
0.545454545454545
0
0.8
0.857142857142857
0.5
0.571428571428571
1.33333333333333
0.707317073170732
0.576923076923077
0.5
1
0.928571428571429
1.5
0.615384615384615
0.686567164179104
0.5
0.785714285714286
0.857142857142857
0.333333333333333
0.65
0.722222222222222
0.769230769230769
0.75
0.681818181818182
0.84
0.692307692307692
0.588235294117647
0.571428571428571
0.571428571428571
0.4
0.933333333333333
1.22222222222222
0.8
0.923076923076923
0.65
0.9
0.571428571428571
0.833333333333333
0.8
0.909090909090909
0.9375
0.833333333333333
0.625
0.866666666666667
0.894736842105263
0.695652173913043
0.533333333333333
0.611111111111111
1
0.916666666666667
0.954545454545455
0.956521739130435
1.5
0.977777777777778
2.46666666666667
1
1.4375
0.62962962962963
0.473684210526316
0.833333333333333
0.142857142857143
0.444444444444444
0.5
0.727272727272727
0.454545454545455
0.227272727272727
0.538461538461538
0.733333333333333
0.71875
0.818181818181818
0.766666666666667
0.714285714285714
0.8
0.771929824561403
1.11764705882353
0.428571428571429
0.583333333333333
0.5
0.285714285714286
0.777777777777778
1.16666666666667
0.8
0.628571428571429
0.111111111111111
0.636363636363636
0.583333333333333
1
0.576923076923077
0.535714285714286
0.37037037037037
0.716216216216216
0.666666666666667
0.586206896551724
0.564102564102564
0.526315789473684
1
0.5
0.2
0.4
0.444444444444444
2
0.888888888888889
0.576923076923077
0.466666666666667
0.733333333333333
0.875
0.6
0.571428571428571
1.375
0.388888888888889
0.111111111111111
0
0.444444444444444
0.117647058823529
0.447368421052632
0.621621621621622
0.511627906976744
0.368421052631579
0.333333333333333
0.448275862068966
0.5
0.7
0.571428571428571
0.285714285714286
0.6
0.8
0.545454545454545
0.62962962962963
0.692307692307692
0.333333333333333
0.3125
0.833333333333333
0.680851063829787
0.52
1.11111111111111
0.625
0.761904761904762
0.8
0.333333333333333
0.6
0.4
0.766666666666667
0.684210526315789
0.757575757575758
1.28571428571429
0.769230769230769
0
0
0.833333333333333
0.575
1
0.9375
0.925925925925926
1.26666666666667
0.941176470588235
1
1.38461538461538
2.16666666666667
5.2
0.952380952380952
1.19230769230769
1.07692307692308
2.64285714285714
4
1.875
1
0.96551724137931
0.909090909090909
0.5
0.692307692307692
1.1
0.2
0.9
0
0.947368421052632
0.533333333333333
0.653846153846154
1.33333333333333
0.804347826086957
0.527777777777778
0.708333333333333
0.592592592592593
0.285714285714286
0.142857142857143
0.875
0.5
0.692307692307692
0.833333333333333
0.486486486486487
0.758620689655172
0.5
0.617647058823529
0.6
0.384615384615385
0.727272727272727
0.454545454545455
0.666666666666667
0.2
0.48780487804878
0.714285714285714
0.428571428571429
0.666666666666667
0.78125
0.384615384615385
0.626865671641791
0.714285714285714
0.666666666666667
0.2
0.5
0.555555555555556
0.5
0.44
0.666666666666667
0.533333333333333
0.464285714285714
0.333333333333333
0.785714285714286
0.6
0.666666666666667
0.96
1.47368421052632
2.8
1.44444444444444
0.941176470588235
0.967741935483871
1.54545454545455
1.15384615384615
6
1
1
0.928571428571429
1.3
0.961538461538462
1.2
1.23809523809524
3.57142857142857
0.875
1.05882352941176
1
1
1.45454545454545
1.83333333333333
1.8
0.978260869565217
0.833333333333333
0.894736842105263
0.789473684210526
0.857142857142857
0.777777777777778
0.611111111111111
0.333333333333333
0.476190476190476
0.571428571428571
1
0.714285714285714
0.666666666666667
0.375
0.428571428571429
0.384615384615385
0.444444444444444
0.833333333333333
0.516129032258065
0.428571428571429
0.75
0.588235294117647
0.380952380952381
0.5
0.428571428571429
0.423076923076923
0.540540540540541
0.819444444444444
0.333333333333333
0.777777777777778
0
0.666666666666667
0.333333333333333
0.615384615384615
0.555555555555556
0.735294117647059
0.9
0.777777777777778
0.285714285714286
0
0.75
0.590909090909091
0.565217391304348
0.681818181818182
0.666666666666667
0.5
0.4
0.666666666666667
0.513513513513513
0.25
0.636363636363636
0.633333333333333
0.6
0.925925925925926
0.9375
0.75
1.88888888888889
0.931034482758621
0.91304347826087
0.5
0.951219512195122
0.941176470588235
0.875
1.35714285714286
0.941176470588235
0.916666666666667
1.1
0.823529411764706
0.892857142857143
0.944444444444444
1
1.06666666666667
0.954545454545455
0.80952380952381
0.645833333333333
0.608695652173913
0.75
1
0
0.7
0.666666666666667
0.558823529411765
0.973684210526316
1
0.95
0.933333333333333
0.928571428571429
7
1.8
0.928571428571429
4
0.9375
2
0.962962962962963
1
0.96
1
0.6
0.456521739130435
0.6
0.75
0.666666666666667
0.705882352941177
1
1
