0.0 0.4101293922286985
0.05 0.4100314567314275
0.1 0.4069978034038205
0.15000000000000002 0.40153221205669465
0.2 0.3958236025926027
0.25 0.39506615990970767
0.3 0.3920411347784902
0.35 0.3889687841936443
0.39999999999999997 0.3885922322129544
0.44999999999999996 0.38810764639622686
0.49999999999999994 0.38674983663726675
0.5499999999999999 0.3847513925456881
0.6 0.3839329681976607
0.65 0.3830625638000757
0.7000000000000001 0.3833547127077823
0.7500000000000001 0.38313687050889783
0.8000000000000002 0.38386592717124557
0.8500000000000002 0.3861372001870729
0.9000000000000002 0.3883834941382145
0.9500000000000003 0.38517117854705263
