0.598230466113228
0.721486377278555
0.996639392464411
0.693600198707687
0.507095425824605
0.675877117152579
0.803075800655024
0.625659332219402
1.1588348192769
0.803221999327692
0.69355069086251
0.893684220265929
0.717032282919932
0.772536088017025
0.665857354068471
0.628228800234612
0.713281190468787
0.738305640952789
0.894918761349847
0.922507550437825
0.807012337777715
5.3875
0.761389538325878
0.789041511824778
0.799491477658263
0.831186523971348
0.725677856687247
0.791776048548919
0.672238010709592
0.928436171526497
0.584267773164525
0.734347538230548
1.21644749689927
0.878535160748022
0.639527845629548
0.548952166015623
0.782790106033758
0.774258370098117
0.830332068360302
0.875389732708361
0.77704364684334
0.795259026038175
0.560522250869322
0.71451442230189
0.601897084048088
0.609636165036922
0.861966715499849
0.799123086442686
0.871193314309124
0.864223813412719
0.914143830771507
