0.2
0.222222222222
0.666666666667
0.375
0.5
0.363636363636
0.714285714286
0.5
0.7
0.697674418605
0.6875
0.888888888889
0.916666666667
0.882352941176
0.666666666667
0.714285714286
0.714285714286
0.315789473684
0.85
0.842105263158
0.25
0.2
0.75
0.68
0.433333333333
0.416666666667
0.851851851852
0.607142857143
0.7
0.846153846154
0.666666666667
0.666666666667
0.625
1.2
0.384615384615
0.6
0.8
0.842105263158
0.733333333333
0.833333333333
0.689655172414
0.857142857143
0.647058823529
0.846153846154
0.538461538462
0.666666666667
0.444444444444
0.586956521739
0.266666666667
0.222222222222
0.7
0.5
0.681818181818
0.428571428571
0.466666666667
0.25
0.5
0.642857142857
2.0
0.75
0.47619047619
0.636363636364
0.666666666667
0.5
4.25
0.785714285714
0.269230769231
0.607142857143
0.5
0.75
0.75
0.833333333333
0.588235294118
0.666666666667
0.5
0.666666666667
0.272727272727
0.774193548387
0.730769230769
0.666666666667
0.3125
0.818181818182
0.538461538462
0.681818181818
0.875
0.814814814815
0.71875
0.7
0.724137931034
0.7
0.388888888889
0.619047619048
0.6
0.846153846154
0.45
0.810344827586
0.892857142857
0.0909090909091
0.666666666667
0.2
0.8
1.0
0.833333333333
0.884615384615
0.727272727273
0.954545454545
0.846153846154
0.833333333333
0.666666666667
0.545454545455
0.733333333333
0.785714285714
0.545454545455
0.857142857143
0.833333333333
0.5
0.454545454545
0.75
1.0
1.16666666667
1.33333333333
1.14285714286
1.0
1.0
1.14285714286
1.0
1.0
1.16666666667
1.33333333333
1.0
4.0
1.0
1.0
0.307692307692
0.763157894737
0.75
0.666666666667
0.809523809524
0.612903225806
0.793103448276
0.823529411765
0.758620689655
0.52
0.454545454545
0.8125
0.666666666667
0.6
0.615384615385
0.7
0.681818181818
0.347826086957
0.578947368421
0.866666666667
0.47619047619
0.5
0.636363636364
0.857142857143
0.0
0.111111111111
0.1875
0.7
0.304347826087
0.304347826087
0.545454545455
0.486486486486
0.55
0.684210526316
0.666666666667
0.6
0.52380952381
0.666666666667
0.682926829268
0.675
0.48
0.555555555556
0.548387096774
0.52380952381
0.6875
0.846153846154
0.692307692308
0.888888888889
0.740740740741
0.266666666667
0.541666666667
0.48
1.0
0.333333333333
0.571428571429
0.5
0.535714285714
0.866666666667
0.857142857143
0.9
0.846153846154
0.5
2.0
0.909090909091
1.0
0.444444444444
0.755102040816
0.533333333333
0.609756097561
0.0
0.7
0.461538461538
0.44
0.716981132075
0.840909090909
0.576923076923
0.555555555556
0.6875
0.454545454545
0.692307692308
1.07692307692
0.72
0.75
0.7
0.709677419355
0.782608695652
0.7
0.648648648649
0.15
0.0
0.48
0.470588235294
0.341463414634
0.363636363636
0.291666666667
0.805555555556
0.695652173913
0.5
0.78125
0.7
0.5
0.615384615385
0.8
0.772727272727
0.733333333333
0.4375
0.779661016949
0.516129032258
1.33333333333
0.2
0.333333333333
0.733333333333
0.5
0.857142857143
0.25
0.56
1.66666666667
0.72
1.66666666667
0.9
0.571428571429
0.72
0.933333333333
0.933333333333
0.933333333333
0.933333333333
0.933333333333
0.933333333333
0.933333333333
0.933333333333
0.933333333333
0.933333333333
0.933333333333
0.933333333333
0.933333333333
0.666666666667
0.962962962963
0.692307692308
0.7
0.75
0.846153846154
0.75
0.416666666667
0.7
0.75
0.333333333333
0.736842105263
0.75
0.555555555556
0.764705882353
0.631578947368
0.473684210526
0.333333333333
0.48275862069
0.6875
0.3
0.571428571429
0.6
0.761904761905
0.714285714286
0.5625
0.705882352941
0.7
0.818181818182
0.181818181818
0.933333333333
0.625
0.5
0.76
0.68
0.25
0.461538461538
0.869565217391
0.478260869565
1.0
0.464285714286
0.777777777778
0.619047619048
0.931034482759
0.846153846154
0.789473684211
0.9
0.857142857143
0.947368421053
0.585365853659
0.470588235294
0.5
0.411764705882
0.5
0.352941176471
0.555555555556
0.5
0.785714285714
0.583333333333
0.8
0.818181818182
0.6875
0.611111111111
0.785714285714
0.761904761905
0.625
1.0
0.692307692308
0.777777777778
0.444444444444
0.769230769231
0.8
0.9
0.785714285714
1.5
0.578947368421
0.166666666667
1.0
0.777777777778
0.888888888889
1.0
0.8
0.666666666667
0.8
0.8
0.722222222222
0.923076923077
0.647058823529
0.827586206897
0.709677419355
0.666666666667
0.527777777778
0.625
0.863636363636
0.742857142857
0.521739130435
0.625
0.666666666667
0.631578947368
1.0
0.769230769231
0.65
0.821428571429
0.75
0.357142857143
0.0
0.875
0.541666666667
0.375
0.609756097561
0.4375
0.521739130435
0.357142857143
0.416666666667
0.875
0.764705882353
0.583333333333
0.0
0.285714285714
0.666666666667
0.5
0.727272727273
0.818181818182
0.875
0.478260869565
0.823529411765
0.551724137931
0.409090909091
0.384615384615
0.695652173913
0.352941176471
0.466666666667
0.647058823529
0.294117647059
0.142857142857
0.652173913043
0.647058823529
0.703703703704
0.705882352941
1.14285714286
0.2
0.25
0.741379310345
0.555555555556
0.526315789474
0.6
0.777777777778
0.214285714286
0.888888888889
0.9
1.33333333333
0.85
0.9
0.7
0.5
0.846153846154
0.588235294118
0.416666666667
0.473684210526
0.375
0.714285714286
0.863636363636
0.761904761905
1.0
0.733333333333
0.875
0.857142857143
0.8
0.541666666667
0.5
0.5
0.739130434783
1.2
0.545454545455
0.85
0.708333333333
0.916666666667
0.333333333333
0.625
0.673913043478
0.827586206897
0.571428571429
0.842857142857
0.424242424242
0.975
0.975
0.975
0.975
0.975
0.975
0.975
0.975
0.975
0.975
0.975
0.975
0.975
0.904761904762
0.904761904762
0.904761904762
0.904761904762
0.904761904762
0.904761904762
0.904761904762
0.904761904762
0.904761904762
0.904761904762
0.904761904762
0.904761904762
0.904761904762
0.92
0.92
0.92
0.92
0.92
0.92
0.92
0.92
0.92
0.92
0.92
0.92
0.92
0.923076923077
0.923076923077
0.923076923077
0.923076923077
0.923076923077
0.923076923077
0.923076923077
0.923076923077
0.923076923077
0.923076923077
0.923076923077
0.923076923077
0.923076923077
0.9
0.9
0.9
0.9
0.9
0.9
0.9
0.9
0.9
0.9
0.9
0.9
0.9
0.95
0.95
0.95
0.95
0.95
0.95
0.95
0.95
0.95
0.95
0.95
0.95
0.95
0.9
0.9
0.9
0.9
0.9
0.9
0.9
0.9
0.9
0.9
0.9
0.9
0.9
0.65
1.11111111111
0.833333333333
0.466666666667
0.928571428571
0.928571428571
0.928571428571
0.928571428571
0.928571428571
0.928571428571
0.928571428571
0.928571428571
0.928571428571
0.928571428571
0.928571428571
0.928571428571
0.928571428571
0.9
0.9
0.9
0.9
0.9
0.9
0.9
0.9
0.9
0.9
0.9
0.9
0.9
0.976744186047
0.976744186047
0.976744186047
0.976744186047
0.953488372093
0.976744186047
0.976744186047
0.976744186047
0.976744186047
0.976744186047
0.976744186047
0.976744186047
0.976744186047
0.9
0.9
0.9
0.9
0.9
0.9
0.9
0.9
0.9
0.9
0.9
0.9
0.9
0.976744186047
0.976744186047
0.976744186047
0.976744186047
0.953488372093
0.976744186047
0.976744186047
0.976744186047
0.976744186047
0.976744186047
0.976744186047
0.976744186047
0.976744186047
0.875
0.875
0.875
0.875
0.875
0.875
0.875
0.875
0.875
0.875
0.875
0.875
0.875
0.636363636364
0.25
0.785714285714
0.862068965517
0.866666666667
0.791666666667
0.583333333333
0.954545454545
0.954545454545
0.954545454545
0.954545454545
0.954545454545
0.954545454545
0.954545454545
0.954545454545
0.954545454545
0.954545454545
0.954545454545
0.954545454545
0.954545454545
0.913043478261
0.913043478261
0.913043478261
0.913043478261
0.913043478261
0.913043478261
0.913043478261
0.913043478261
0.913043478261
0.913043478261
0.913043478261
0.913043478261
0.913043478261
0.904761904762
0.904761904762
0.904761904762
0.904761904762
0.904761904762
0.904761904762
0.904761904762
0.904761904762
0.904761904762
0.904761904762
0.904761904762
0.904761904762
0.904761904762
0.769230769231
0.928571428571
0.625
0.875
0.875
0.875
0.875
0.8125
0.875
0.875
0.875
0.875
0.875
0.875
0.875
0.875
0.944444444444
0.944444444444
0.944444444444
0.944444444444
0.944444444444
0.944444444444
0.944444444444
0.944444444444
0.944444444444
0.944444444444
0.944444444444
0.944444444444
0.944444444444
0.969696969697
0.969696969697
0.969696969697
0.969696969697
0.969696969697
0.969696969697
0.969696969697
0.969696969697
0.969696969697
0.969696969697
0.969696969697
0.969696969697
0.969696969697
0.790697674419
0.6875
0.972972972973
0.972972972973
0.972972972973
0.972972972973
0.972972972973
0.972972972973
0.972972972973
0.972972972973
0.972972972973
0.972972972973
0.972972972973
0.972972972973
0.972972972973
0.931034482759
0.931034482759
0.931034482759
0.931034482759
0.931034482759
0.931034482759
0.931034482759
0.931034482759
0.931034482759
0.931034482759
0.931034482759
0.931034482759
0.931034482759
0.45
0.766666666667
0.970588235294
0.970588235294
0.970588235294
0.970588235294
0.941176470588
0.970588235294
0.970588235294
0.970588235294
0.970588235294
0.970588235294
0.970588235294
0.970588235294
0.970588235294
0.666666666667
0.666666666667
0.958333333333
0.958333333333
0.958333333333
0.958333333333
0.958333333333
0.958333333333
0.958333333333
0.958333333333
0.958333333333
0.958333333333
0.958333333333
0.916666666667
0.958333333333
0.857142857143
0.857142857143
0.857142857143
0.857142857143
0.857142857143
0.857142857143
0.857142857143
0.857142857143
0.857142857143
0.857142857143
0.857142857143
0.857142857143
0.857142857143
0.974358974359
0.974358974359
0.974358974359
0.974358974359
0.974358974359
0.974358974359
0.974358974359
0.974358974359
0.974358974359
0.974358974359
0.974358974359
0.974358974359
0.974358974359
0.736842105263
0.0
0.0
0.25
1.0
0.666666666667
0.909090909091
0.25
0.714285714286
0.769230769231
2.0
0.459459459459
0.583333333333
1.16666666667
0.363636363636
0.25
0.842105263158
0.533333333333
0.823529411765
0.58064516129
0.181818181818
0.388888888889
0.931034482759
0.931034482759
0.931034482759
0.931034482759
0.931034482759
0.931034482759
0.931034482759
0.931034482759
0.931034482759
0.931034482759
0.931034482759
0.931034482759
0.931034482759
0.606060606061
0.47619047619
0.434782608696
0.772727272727
0.764705882353
0.647058823529
0.6875
0.466666666667
0.823529411765
0.692307692308
0.535714285714
0.705882352941
0.5
0.285714285714
0.6
0.8125
0.5
0.6
0.68
0.578947368421
0.518518518519
0.764705882353
0.666666666667
0.333333333333
0.459459459459
0.666666666667
0.555555555556
0.72
0.75
0.739130434783
0.541666666667
0.588235294118
0.481481481481
0.619047619048
0.611111111111
0.391304347826
0.757575757576
0.676470588235
0.714285714286
0.5
0.384615384615
0.4
0.833333333333
0.777777777778
0.833333333333
0.5
0.545454545455
0.65625
0.692307692308
0.777777777778
0.3
1.0
0.631578947368
0.666666666667
0.411764705882
0.533333333333
0.363636363636
0.789473684211
0.526315789474
0.571428571429
0.681818181818
0.6
0.125
0.666666666667
0.478260869565
0.0
0.933333333333
0.461538461538
0.571428571429
0.692307692308
0.2
0.333333333333
0.333333333333
0.7
0.814814814815
0.615384615385
0.72972972973
0.606060606061
0.363636363636
0.454545454545
0.461538461538
0.5
0.970588235294
0.970588235294
0.970588235294
0.970588235294
0.970588235294
0.970588235294
0.970588235294
0.970588235294
0.970588235294
0.970588235294
0.970588235294
0.970588235294
0.970588235294
0.735294117647
0.357142857143
0.833333333333
0.518518518519
0.833333333333
0.222222222222
0.684210526316
0.846153846154
0.923076923077
0.923076923077
0.923076923077
0.923076923077
0.923076923077
0.923076923077
0.923076923077
0.923076923077
0.923076923077
0.923076923077
0.923076923077
0.923076923077
0.923076923077
0.928571428571
0.928571428571
0.928571428571
0.928571428571
0.928571428571
0.928571428571
0.928571428571
0.928571428571
0.928571428571
0.928571428571
0.928571428571
0.928571428571
0.928571428571
0.8125
0.875
0.583333333333
0.727272727273
0.769230769231
0.411764705882
0.833333333333
0.733333333333
0.769230769231
0.888888888889
0.722222222222
0.333333333333
0.666666666667
0.777777777778
0.444444444444
0.714285714286
0.857142857143
0.95652173913
0.7
0.714285714286
0.666666666667
0.777777777778
0.5
0.555555555556
0.7
0.545454545455
0.809523809524
0.714285714286
0.5
0.625
0.0
0.0
0.166666666667
0.642857142857
1.0
0.928571428571
0.666666666667
0.8125
1.53846153846
0.896551724138
0.814814814815
0.777777777778
0.65
0.5
0.625
0.333333333333
0.333333333333
0.625
0.8
1.0
0.947368421053
0.785714285714
0.5
0.4
0.5
0.8
0.380952380952
0.846153846154
0.846153846154
0.6
0.352941176471
0.545454545455
0.709677419355
0.857142857143
0.714285714286
0.5
0.857142857143
0.6875
0.791666666667
0.833333333333
0.666666666667
1.15625
0.722222222222
1.5
0.714285714286
0.913043478261
0.846153846154
0.842105263158
0.411764705882
0.428571428571
0.848484848485
0.8125
0.928571428571
0.736842105263
1.15
0.55
0.75
0.848484848485
0.758620689655
0.866666666667
0.818181818182
0.142857142857
0.833333333333
0.5
0.909090909091
0.857142857143
0.894736842105
0.857142857143
0.8
1.0
0.727272727273
0.545454545455
0.25
0.769230769231
1.6
0.846153846154
0.733333333333
0.875
0.1875
1.33333333333
0.818181818182
0.875
0.8
0.736842105263
0.888888888889
0.53125
0.5
0.625
0.533333333333
0.533333333333
0.933333333333
0.769230769231
0.428571428571
0.5
0.714285714286
0.5
0.631578947368
0.95
0.789473684211
0.555555555556
1.0
0.5
0.714285714286
0.909090909091
0.9
1.0
0.647058823529
0.75
0.736842105263
0.25
1.5
0.5
0.333333333333
0.5
0.9
0.733333333333
0.53125
0.576923076923
0.75
0.588235294118
0.5
0.555555555556
0.727272727273
0.793103448276
0.5
0.65
0.634146341463
0.766666666667
0.607142857143
0.736842105263
0.733333333333
0.538461538462
0.0
0.72
0.28
0.636363636364
0.7
0.733333333333
0.85
0.944444444444
0.933333333333
0.647058823529
0.047619047619
0.793103448276
0.75
0.545454545455
0.8
0.842105263158
0.692307692308
0.6
0.791666666667
0.75
0.695652173913
0.666666666667
0.538461538462
0.619047619048
0.25
0.846153846154
0.916666666667
0.928571428571
0.555555555556
0.612903225806
0.529411764706
0.954545454545
0.612903225806
0.5
0.692307692308
0.842105263158
0.838709677419
1.4
0.617647058824
0.529411764706
0.478260869565
0.714285714286
0.65
0.473684210526
0.764705882353
0.96
0.840909090909
0.85
0.666666666667
0.714285714286
0.792452830189
0.857142857143
