0.3
0.555555555556
0.611111111111
0.4375
0.5
0.363636363636
0.642857142857
0.5
0.6
0.813953488372
0.625
0.888888888889
0.583333333333
0.823529411765
0.666666666667
0.357142857143
0.714285714286
0.315789473684
0.85
0.842105263158
0.3125
0.2
0.625
0.6
0.566666666667
0.333333333333
0.851851851852
0.642857142857
0.666666666667
0.769230769231
0.666666666667
0.75
0.541666666667
0.9
0.384615384615
0.466666666667
0.9
0.842105263158
0.866666666667
0.733333333333
0.655172413793
0.857142857143
0.588235294118
0.846153846154
0.538461538462
0.833333333333
0.444444444444
0.565217391304
0.4
0.222222222222
0.7
0.4375
0.681818181818
0.464285714286
0.6
0.333333333333
0.571428571429
0.357142857143
1.75
0.5
0.47619047619
0.590909090909
0.6
0.5
0.5
0.75
0.384615384615
0.607142857143
0.5
0.75
0.75
0.833333333333
0.588235294118
0.666666666667
0.5
0.666666666667
0.272727272727
0.774193548387
0.730769230769
0.666666666667
0.3125
0.818181818182
0.538461538462
0.681818181818
0.875
0.851851851852
0.71875
0.733333333333
0.758620689655
0.733333333333
0.5
0.619047619048
0.6
0.615384615385
0.45
0.706896551724
0.892857142857
0.181818181818
0.666666666667
0.2
0.8
1.0
0.833333333333
0.769230769231
0.681818181818
0.909090909091
0.769230769231
0.833333333333
0.666666666667
0.545454545455
0.733333333333
0.785714285714
0.636363636364
1.14285714286
0.75
0.5
0.454545454545
0.75
1.16666666667
1.16666666667
1.16666666667
1.14285714286
1.0
1.0
1.28571428571
1.0
1.16666666667
1.16666666667
1.16666666667
0.833333333333
4.0
1.0
1.0
0.461538461538
0.763157894737
0.555555555556
0.833333333333
0.714285714286
0.645161290323
0.793103448276
0.764705882353
0.793103448276
0.52
0.545454545455
0.75
0.666666666667
0.6
0.615384615385
0.65
0.681818181818
0.434782608696
0.578947368421
0.866666666667
0.571428571429
0.633333333333
0.636363636364
0.928571428571
0.0
0.111111111111
0.3125
0.35
0.521739130435
0.347826086957
0.454545454545
0.621621621622
0.55
0.684210526316
0.666666666667
0.6
0.52380952381
0.666666666667
0.658536585366
0.675
0.52
0.388888888889
0.677419354839
0.571428571429
0.8125
0.923076923077
0.769230769231
0.888888888889
0.851851851852
0.533333333333
0.458333333333
0.52
0.866666666667
0.37037037037
0.619047619048
0.458333333333
0.678571428571
0.866666666667
0.857142857143
0.9
0.846153846154
0.333333333333
1.0
0.909090909091
1.2
0.444444444444
0.755102040816
0.6
0.658536585366
0.0
0.725
0.461538461538
0.52
0.754716981132
0.840909090909
0.423076923077
0.666666666667
0.75
0.363636363636
0.307692307692
1.0
0.84
0.75
0.7
0.741935483871
0.782608695652
0.6
0.594594594595
0.3
0.0
0.6
0.470588235294
0.365853658537
0.454545454545
0.25
0.805555555556
0.739130434783
0.5
0.78125
0.7
0.5
0.692307692308
0.6
0.636363636364
0.733333333333
0.4375
0.779661016949
0.548387096774
1.0
0.266666666667
0.416666666667
0.666666666667
0.666666666667
0.714285714286
0.0833333333333
0.52
2.0
0.76
2.0
1.0
1.0
0.76
0.933333333333
0.933333333333
0.933333333333
0.933333333333
0.933333333333
0.933333333333
0.933333333333
0.933333333333
0.933333333333
0.933333333333
0.933333333333
0.933333333333
0.933333333333
0.6
0.888888888889
0.846153846154
0.8
0.75
0.846153846154
0.8125
0.416666666667
0.55
0.916666666667
0.388888888889
0.684210526316
0.75
0.555555555556
0.823529411765
0.684210526316
0.473684210526
0.333333333333
0.48275862069
0.6875
0.3
0.642857142857
0.7
0.809523809524
0.428571428571
0.625
0.647058823529
0.7
0.818181818182
0.545454545455
0.866666666667
0.6875
0.625
0.72
0.68
0.25
0.538461538462
0.869565217391
0.652173913043
1.0
0.607142857143
0.777777777778
0.714285714286
0.896551724138
0.897435897436
0.842105263158
1.0
0.857142857143
0.947368421053
0.658536585366
0.411764705882
0.571428571429
0.176470588235
0.6
0.352941176471
0.611111111111
0.5
0.785714285714
0.75
1.0
0.818181818182
0.75
0.777777777778
0.714285714286
0.714285714286
0.625
1.14285714286
0.692307692308
0.777777777778
0.666666666667
0.846153846154
0.8
0.9
0.928571428571
1.5
0.578947368421
0.166666666667
1.0
0.777777777778
0.888888888889
1.0
0.8
0.666666666667
0.733333333333
0.933333333333
0.777777777778
0.769230769231
0.529411764706
0.827586206897
0.677419354839
0.583333333333
0.527777777778
0.583333333333
0.863636363636
0.8
0.652173913043
0.9375
0.769230769231
0.631578947368
1.0
0.692307692308
0.75
0.821428571429
0.75
0.5
0.0
0.8125
0.291666666667
0.375
0.536585365854
0.6875
0.521739130435
0.535714285714
0.416666666667
0.75
0.588235294118
0.416666666667
0.0
0.285714285714
0.666666666667
0.5
0.848484848485
1.0
0.875
0.478260869565
0.823529411765
0.551724137931
0.454545454545
0.307692307692
0.695652173913
0.529411764706
0.6
0.705882352941
0.411764705882
0.142857142857
0.652173913043
0.647058823529
0.666666666667
0.764705882353
1.28571428571
0.2
0.375
0.741379310345
0.833333333333
0.526315789474
0.633333333333
0.777777777778
0.642857142857
1.0
0.9
1.22222222222
0.85
1.0
0.7
0.5
0.615384615385
0.647058823529
0.416666666667
0.526315789474
0.5
0.714285714286
0.818181818182
0.857142857143
0.875
0.733333333333
0.875
0.857142857143
0.8
0.583333333333
0.52380952381
0.5
0.913043478261
1.2
0.545454545455
0.85
0.604166666667
0.75
0.277777777778
0.725
0.717391304348
0.862068965517
0.642857142857
0.842857142857
0.575757575758
0.975
0.975
0.975
0.975
0.975
0.975
0.975
0.975
0.975
0.975
0.975
0.975
0.975
0.904761904762
0.904761904762
0.904761904762
0.904761904762
0.904761904762
0.904761904762
0.904761904762
0.904761904762
0.904761904762
0.904761904762
0.904761904762
0.904761904762
0.904761904762
0.92
0.92
0.92
0.92
0.92
0.92
0.92
0.92
0.92
0.92
0.92
0.92
0.92
0.923076923077
0.923076923077
0.923076923077
0.923076923077
0.923076923077
0.923076923077
0.923076923077
0.923076923077
0.923076923077
0.923076923077
0.923076923077
0.923076923077
0.923076923077
0.9
0.9
0.9
0.9
0.9
0.9
0.9
0.9
0.9
0.9
0.9
0.9
0.9
0.95
0.95
0.95
0.95
0.95
0.95
0.95
0.95
0.95
0.95
0.95
0.95
0.95
0.9
0.9
0.9
0.9
0.9
0.9
0.9
0.9
0.9
0.9
0.9
0.9
0.9
0.6
0.777777777778
0.777777777778
0.533333333333
0.928571428571
0.928571428571
0.928571428571
0.928571428571
0.928571428571
0.928571428571
0.928571428571
0.928571428571
0.928571428571
0.928571428571
0.928571428571
0.928571428571
0.928571428571
0.9
0.9
0.9
0.9
0.9
0.9
0.9
0.9
0.9
0.9
0.9
0.9
0.9
0.976744186047
0.976744186047
0.976744186047
0.976744186047
0.976744186047
0.976744186047
0.976744186047
0.976744186047
0.976744186047
0.976744186047
0.976744186047
0.976744186047
0.976744186047
0.9
0.9
0.9
0.9
0.9
0.9
0.9
0.9
0.9
0.9
0.9
0.9
0.9
0.976744186047
0.976744186047
0.976744186047
0.976744186047
0.976744186047
0.976744186047
0.976744186047
0.976744186047
0.976744186047
0.976744186047
0.976744186047
0.976744186047
0.976744186047
0.875
0.875
0.875
0.875
0.875
0.875
0.875
0.875
0.875
0.875
0.875
0.875
0.875
0.727272727273
0.25
1.0
0.827586206897
0.8
0.75
0.708333333333
0.954545454545
0.954545454545
0.954545454545
0.954545454545
0.954545454545
0.954545454545
0.954545454545
0.954545454545
0.954545454545
0.954545454545
0.954545454545
0.954545454545
0.954545454545
0.913043478261
0.913043478261
0.913043478261
0.913043478261
0.913043478261
0.913043478261
0.913043478261
0.913043478261
0.913043478261
0.913043478261
0.913043478261
0.913043478261
0.913043478261
0.904761904762
0.904761904762
0.904761904762
0.904761904762
0.904761904762
0.904761904762
0.904761904762
0.904761904762
0.904761904762
0.904761904762
0.904761904762
0.904761904762
0.904761904762
0.769230769231
0.928571428571
0.6875
0.875
0.875
0.875
0.875
0.875
0.875
0.875
0.875
0.875
0.875
0.875
0.875
0.875
0.944444444444
0.944444444444
0.944444444444
0.944444444444
0.944444444444
0.944444444444
0.944444444444
0.944444444444
0.944444444444
0.944444444444
0.944444444444
0.944444444444
0.944444444444
0.969696969697
0.969696969697
0.969696969697
0.969696969697
0.969696969697
0.969696969697
0.969696969697
0.969696969697
0.969696969697
0.969696969697
0.969696969697
0.969696969697
0.969696969697
0.837209302326
0.8125
0.972972972973
0.972972972973
0.972972972973
0.972972972973
0.972972972973
0.972972972973
0.972972972973
0.972972972973
0.972972972973
0.972972972973
0.972972972973
0.972972972973
0.972972972973
0.931034482759
0.931034482759
0.931034482759
0.931034482759
0.931034482759
0.931034482759
0.931034482759
0.931034482759
0.931034482759
0.931034482759
0.931034482759
0.931034482759
0.931034482759
0.45
0.833333333333
0.970588235294
0.970588235294
0.970588235294
0.970588235294
0.970588235294
0.970588235294
0.970588235294
0.970588235294
0.970588235294
0.970588235294
0.970588235294
0.970588235294
0.970588235294
0.666666666667
0.583333333333
0.958333333333
0.958333333333
0.958333333333
0.958333333333
0.958333333333
0.958333333333
0.958333333333
0.958333333333
0.958333333333
0.958333333333
0.958333333333
0.958333333333
0.958333333333
0.857142857143
0.857142857143
0.857142857143
0.857142857143
0.857142857143
0.857142857143
0.857142857143
0.857142857143
0.857142857143
0.857142857143
0.857142857143
0.857142857143
0.857142857143
0.974358974359
0.974358974359
0.974358974359
0.974358974359
0.974358974359
0.974358974359
0.974358974359
0.974358974359
0.974358974359
0.974358974359
0.974358974359
0.974358974359
0.974358974359
0.736842105263
0.0
0.0
0.25
1.0
0.666666666667
0.909090909091
0.5
0.714285714286
0.769230769231
1.5
0.567567567568
0.583333333333
1.33333333333
0.363636363636
0.25
0.736842105263
0.6
0.941176470588
0.645161290323
0.363636363636
0.388888888889
0.931034482759
0.931034482759
0.931034482759
0.931034482759
0.931034482759
0.931034482759
0.931034482759
0.931034482759
0.931034482759
0.931034482759
0.931034482759
0.931034482759
0.931034482759
0.575757575758
0.47619047619
0.521739130435
0.772727272727
0.705882352941
0.676470588235
0.8125
0.533333333333
0.823529411765
0.692307692308
0.535714285714
0.647058823529
0.5
0.428571428571
0.8
0.8125
0.5
0.6
0.72
0.631578947368
0.518518518519
0.764705882353
0.666666666667
0.619047619048
0.432432432432
0.666666666667
0.62962962963
0.68
0.75
0.782608695652
0.625
0.705882352941
0.592592592593
0.619047619048
0.444444444444
0.478260869565
0.818181818182
0.617647058824
0.714285714286
0.571428571429
0.461538461538
0.6
0.75
0.777777777778
0.166666666667
0.5
0.545454545455
0.71875
0.615384615385
0.888888888889
0.5
0.866666666667
0.684210526316
0.444444444444
0.529411764706
0.666666666667
0.181818181818
0.789473684211
0.526315789474
0.571428571429
0.681818181818
0.64
0.25
0.666666666667
0.521739130435
0.0
0.933333333333
0.538461538462
0.571428571429
0.692307692308
0.2
0.333333333333
0.333333333333
0.7
0.814814814815
0.630769230769
0.72972972973
0.575757575758
0.363636363636
0.636363636364
0.461538461538
0.5
0.970588235294
0.970588235294
0.970588235294
0.970588235294
0.970588235294
0.970588235294
0.970588235294
0.970588235294
0.970588235294
0.970588235294
0.970588235294
0.970588235294
0.970588235294
0.705882352941
0.428571428571
0.722222222222
0.555555555556
0.833333333333
0.222222222222
0.684210526316
0.923076923077
0.923076923077
0.923076923077
0.923076923077
0.923076923077
0.923076923077
0.923076923077
0.923076923077
0.923076923077
0.923076923077
0.923076923077
0.923076923077
0.923076923077
0.923076923077
0.928571428571
0.928571428571
0.928571428571
0.928571428571
0.928571428571
0.928571428571
0.928571428571
0.928571428571
0.928571428571
0.928571428571
0.928571428571
0.928571428571
0.928571428571
0.84375
0.9375
0.5
0.681818181818
0.769230769231
0.529411764706
0.833333333333
0.733333333333
0.769230769231
0.888888888889
0.722222222222
0.5
0.583333333333
0.722222222222
0.5
0.714285714286
0.857142857143
0.95652173913
0.9
0.714285714286
0.666666666667
0.944444444444
0.5
0.555555555556
0.7
0.545454545455
0.809523809524
0.714285714286
0.5
0.625
0.0
0.0
0.333333333333
0.642857142857
1.05
0.857142857143
0.666666666667
0.75
1.30769230769
0.827586206897
0.666666666667
0.777777777778
0.65
0.5
0.375
0.333333333333
0.333333333333
0.625
0.8
0.727272727273
0.947368421053
0.785714285714
0.5
0.4
0.5
0.8
0.47619047619
0.846153846154
0.846153846154
0.6
0.411764705882
0.545454545455
0.645161290323
0.857142857143
0.857142857143
0.5
0.857142857143
0.75
0.875
0.916666666667
0.666666666667
0.9375
0.611111111111
1.5
0.714285714286
0.739130434783
0.692307692308
0.842105263158
0.470588235294
0.428571428571
0.818181818182
0.8125
0.928571428571
0.736842105263
0.95
0.45
0.8
0.848484848485
0.793103448276
1.0
0.818181818182
0.142857142857
0.833333333333
0.5
0.909090909091
0.857142857143
0.894736842105
0.857142857143
0.8
1.0
0.69696969697
0.363636363636
0.3125
0.807692307692
1.6
0.769230769231
0.666666666667
0.75
0.1875
0.333333333333
0.818181818182
0.875
0.8
0.736842105263
0.888888888889
0.625
0.5
0.625
0.733333333333
0.533333333333
1.0
0.692307692308
0.428571428571
0.5
0.785714285714
0.55
0.631578947368
0.95
0.684210526316
0.555555555556
1.0
0.5
0.785714285714
0.763636363636
0.8
1.0
0.647058823529
0.75
0.684210526316
0.125
0.4
0.5
0.333333333333
0.5
1.0
0.8
0.5625
0.692307692308
0.75
0.647058823529
0.5
0.555555555556
0.681818181818
0.51724137931
0.5
0.8
0.585365853659
0.733333333333
0.642857142857
0.684210526316
0.666666666667
0.538461538462
0.0
0.56
0.28
0.757575757576
0.7
0.733333333333
0.7
0.444444444444
1.0
0.647058823529
0.428571428571
0.827586206897
0.75
0.545454545455
0.8
0.842105263158
0.692307692308
0.6
0.833333333333
0.704545454545
0.695652173913
0.666666666667
0.461538461538
0.714285714286
0.166666666667
0.846153846154
0.916666666667
0.928571428571
0.5
0.709677419355
0.529411764706
1.0
0.612903225806
0.527777777778
0.307692307692
0.842105263158
0.838709677419
1.2
0.5
0.529411764706
0.434782608696
0.714285714286
0.45
0.473684210526
0.764705882353
0.96
0.840909090909
0.85
0.666666666667
0.619047619048
0.698113207547
0.714285714286
