0.0 0.4072090340512182
0.05 0.41123587305502873
0.1 0.40594002592603606
0.15000000000000002 0.40289018163536877
0.2 0.39882912623721056
0.25 0.39628657141197143
0.3 0.39372420287374976
0.35 0.39245149901071386
0.39999999999999997 0.3917221063094296
0.44999999999999996 0.39044853381728273
0.49999999999999994 0.39049754590611535
0.5499999999999999 0.3892068285771972
0.6 0.38910818035404393
0.65 0.38845599094447236
0.7000000000000001 0.3869879586259938
0.7500000000000001 0.38620794632128946
0.8000000000000002 0.3854041521043944
0.8500000000000002 0.3853282892131294
0.9000000000000002 0.3860515146754619
0.9500000000000003 0.3858735325717993
