0.0 0.4101293922286985
0.05 0.41060545390574676
0.1 0.40475111960393656
0.15000000000000002 0.4015887752762308
0.2 0.3963640935368117
0.25 0.3942442442644728
0.3 0.39317873671319686
0.35 0.3913911748175719
0.39999999999999997 0.3890026922572019
0.44999999999999996 0.3877569079971911
0.49999999999999994 0.3862974729290303
0.5499999999999999 0.3862763278882147
0.6 0.3860064349199255
0.65 0.38606861172275564
0.7000000000000001 0.3842243636218514
0.7500000000000001 0.3839130658722493
0.8000000000000002 0.3851696686405138
0.8500000000000002 0.38793566772100924
0.9000000000000002 0.3880657625689154
0.9500000000000003 0.38497771257796826
