0.0 0.4072090340512182
0.05 0.4112561307268467
0.1 0.40619705384848137
0.15000000000000002 0.4026123974161103
0.2 0.40134000375587126
0.25 0.397795929667799
0.3 0.3955540091926034
0.35 0.3946992411743055
0.39999999999999997 0.39504865185185106
0.44999999999999996 0.3926409464941196
0.49999999999999994 0.39126104215035273
0.5499999999999999 0.3896147577480949
0.6 0.3891928276903852
0.65 0.3884990260077688
0.7000000000000001 0.3878741996441532
0.7500000000000001 0.3868304884136756
0.8000000000000002 0.3855610762284081
0.8500000000000002 0.38532779080870977
0.9000000000000002 0.3858375452797011
0.9500000000000003 0.3858735325717993
