0 0.44749640132405455
1 0.44749640132405455
2 0.44749640132405455
3 0.44749640132405455
4 0.44749640132405455
5 0.44749640132405455
6 0.44749640132405455
7 0.44749640132405455
8 0.44749640132405455
9 0.44749640132405455
10 0.44749640132405455
11 0.44749640132405455
12 0.44749640132405455
13 0.44749640132405455
14 0.44749640132405455
15 0.44749640132405455
16 0.44749640132405455
17 0.44749640132405455
18 0.44749640132405455
19 0.44749640132405455
20 0.44770983860746155
21 0.44770983860746155
22 0.4480083191519035
23 0.4480083191519035
24 0.4480083191519035
25 0.4480083191519035
26 0.4480083191519035
27 0.44800007889951304
28 0.44800007889951304
29 0.44800007889951304
30 0.44800007889951304
31 0.44800007889951304
32 0.44800007889951304
33 0.44800007889951304
34 0.44833363712096547
35 0.44833363712096547
36 0.44833363712096547
37 0.44833363712096547
38 0.44833363712096547
39 0.44829867697771675
40 0.4482099057982246
41 0.44773670327549503
42 0.44773670327549503
43 0.44773670327549503
44 0.44799147150774093
45 0.44799147150774093
46 0.44799147150774093
47 0.44799147150774093
48 0.448497205039063
49 0.448497205039063
50 0.448497205039063
51 0.448497205039063
52 0.448497205039063
53 0.448497205039063
54 0.448497205039063
55 0.448497205039063
56 0.448497205039063
57 0.448497205039063
58 0.448497205039063
59 0.44846616811715867
60 0.44846616811715867
61 0.44846616811715867
62 0.4481519447175262
63 0.4481519447175262
64 0.4481519447175262
65 0.4481519447175262
66 0.4481519447175262
67 0.4481519447175262
68 0.4481519447175262
