0.0 0.4101293922286985
0.05 0.408584182255242
0.1 0.4042703896658826
0.15000000000000002 0.39783371713011795
0.2 0.3955253439049364
0.25 0.39307495848948804
0.3 0.39055424381728376
0.35 0.3892680619586396
0.39999999999999997 0.38908890705749005
0.44999999999999996 0.3885189818905582
0.49999999999999994 0.38734421790681794
0.5499999999999999 0.3868728893401669
0.6 0.3870899670091552
0.65 0.38715369719819703
0.7000000000000001 0.38673376389521336
0.7500000000000001 0.3879215497934103
0.8000000000000002 0.38774659045251425
0.8500000000000002 0.3872794329665614
0.9000000000000002 0.3886206046186709
0.9500000000000003 0.39425951331133
