0.0 0.4042261419610837
0.05 0.3970518020121291
0.1 0.3925320862138044
0.15000000000000002 0.3903863368303794
0.2 0.38641005376657395
0.25 0.383327149034568
0.3 0.38302194998515104
0.35 0.3812684900508921
0.39999999999999997 0.38029433649999494
0.44999999999999996 0.3784347460360042
0.49999999999999994 0.37785429018837696
0.5499999999999999 0.37843785168195676
0.6 0.3778257959549267
0.65 0.37826455259854386
0.7000000000000001 0.37911398031295007
0.7500000000000001 0.3808974552991602
0.8000000000000002 0.3822270822134959
0.8500000000000002 0.3846666927652323
0.9000000000000002 0.3869286625438098
0.9500000000000003 0.38545165496614
