0.0 0.4072090340512182
0.04 0.4131551341950119
0.08 0.41429334418945307
0.12 0.4117309703219447
0.16 0.4123804397627853
0.2 0.4115811794354389
0.24000000000000002 0.4110710613662889
0.28 0.4077682314706579
0.32 0.40743809982131907
0.36 0.40524721909256184
0.39999999999999997 0.40438560291155967
0.43999999999999995 0.40434984275099517
0.4799999999999999 0.40234375006057777
0.5199999999999999 0.4001370317571859
0.5599999999999999 0.4000312364019972
0.6 0.4006393052603779
0.64 0.40004833728780276
0.68 0.39881690230704897
0.7200000000000001 0.39745176834023205
0.7600000000000001 0.39502438551986657
0.8000000000000002 0.39321737339964696
0.8400000000000002 0.39041486994102326
0.8800000000000002 0.38847762480207015
0.9200000000000003 0.3874307787304195
0.9600000000000003 0.38677949488653396
1.0000000000000000 0.3839282536937922
