0.0 0.4072090340512182
0.045 0.41334336569908525
0.09 0.4138321033380463
0.135 0.41182624037615795
0.18 0.412348691503018
0.22499999999999998 0.41138541888075314
0.26999999999999996 0.4096853941727674
0.31499999999999995 0.4073163454898132
0.35999999999999993 0.4057792361142782
0.4049999999999999 0.40568760465413345
0.4499999999999999 0.40471578647156037
0.4949999999999999 0.40261158054771
0.5399999999999999 0.4022200313456497
0.585 0.40087303266179386
0.63 0.4012507931015375
0.675 0.40023212755375426
0.7200000000000001 0.3974408515693188
0.7650000000000001 0.3950735061188326
0.8100000000000002 0.39251919870481145
0.8550000000000002 0.38918967281540257
0.9000000000000002 0.38776694078926394
0.9450000000000003 0.38724508160265175
0.9900000000000003 0.38432112612696434
